9966953
0
0
1
0
3
0
0
0
0
0
4
0
1
0
3
2
2
1
0
0
1
3
5
2
4
3
4
1
5
1
2
3
5
1
2
1
4
1
2
4
4
5
4
1
3
7
4
5
3
3
3
5
8
4
3
7
9
7
5
6
11
9
12
10
14
17
12
12
23
16
16
23
26
22
25
36
26
27
34
28
34
35
39
36
37
45
45
47
54
39
52
55
51
60
55
52
58
78
36
54
69
53
68
71
70
76
65
85
74
76
79
78
81
76
101
85
76
77
74
95
87
84
86
77
90
64
68
59
80
71
68
73
73
73
75
72
56
67
77
62
56
60
69
55
67
60
69
68
73
60
74
59
73
74
86
74
66
78
69
66
95
89
76
86
82
80
81
84
102
105
92
109
128
109
118
131
134
114
115
118
105
132
143
114
143
133
151
150
141
136
132
128
168
132
137
119
131
134
142
150
161
122
167
176
143
156
177
158
166
185
186
193
210
196
212
215
211
220
204
203
226
252
231
250
238
220
249
278
285
275
276
291
286
279
280
266
272
305
281
284
297
277
255
289
300
292
289
299
260
292
255
270
246
246
267
249
273
228
259
215
232
229
221
211
190
200
159
199
173
183
160
159
167
157
147
153
117
140
143
139
119
112
115
109
103
97
99
109
102
94
88
91
82
78
82
85
63
70
56
59
75
63
55
46
63
56
43
51
59
44
36
48
52
44
45
34
31
55
39
29
25
37
29
26
28
33
20
18
18
16
20
23
21
15
24
17
13
15
18
20
14
15
12
14
18
12
14
12
15
18
18
14
16
16
7
10
10
14
10
8
17
11
8
8
13
7
10
16
11
10
14
11
12
5
11
3
7
8
3
7
8
11
8
10
7
7
8
7
4
3
4
9
5
7
10
6
6
9
8
9
4
6
7
8
5
3
6
6
5
3
7
4
4
6
6
6
5
2
7
3
6
8
4
5
5
1
9
5
1
5
2
5
5
5
8
7
3
2
7
3
4
1
3
3
5
5
3
2
3
1
1
2
6
5
2
4
4
3
2
4
3
3
4
4
4
2
2
2
2
5
3
1
3
6
4
2
5
1
3
5
7
4
4
1
6
1
4
1
4
4
3
1
2
1
3
2
2
1
4
5
3
1
2
0
3
4
3
2
3
0
0
1
4
2
4
4
2
2
2
1
0
2
6
4
2
3
5
2
1
1
2
1
0
2
1
2
3
2
2
0
0
0
1
2
4
3
1
1
2
1
1
4
2
1
0
0
3
2
1
1
2
1
1
1
3
1
0
0
2
5
1
1
0
0
2
0
1
0
0
0
2
0
1
0
1
0
2
1
0
0
3
1
0
1
1
2
0
3
3
1
1
0
1
1
0
1
0
2
0
1
0
0
0
2
1
0
1
0
1
0
1
1
1
0
0
1
0
2
0
1
0
2
1
3
0
0
2
1
1
0
3
0
1
1
1
0
1
2
0
4
0
2
0
1
3
4
1
0
1
0
2
0
1
0
3
1
0
1
2
0
3
1
1
2
0
2
0
1
1
2
1
0
1
0
1
0
2
0
1
0
0
3
2
1
1
0
0
1
1
1
1
1
1
0
2
1
0
1
0
0
2
0
0
2
2
1
0
0
3
0
2
0
0
1
0
2
0
0
0
0
0
1
0
2
1
1
0
1
1
0
0
1
0
0
1
1
0
0
3
0
0
1
2
0
1
0
1
0
0
0
0
2
0
0
1
0
1
1
0
1
1
1
0
0
2
1
0
1
0
0
0
1
2
0
0
1
2
1
0
1
2
0
0
0
0
1
0
0
0
0
0
0
0
0
0
0
0
0
1
0
0
0
0
0
0
1
1
0
0
2
0
0
1
0
1
0
0
1
1
0
1
1
0
0
0
0
1
1
0
0
0
0
1
0
1
0
0
0
1
0
0
1
0
0
1
0
1
0
0
1
0
0
1
2
0
1
0
0
0
0
0
0
0
1
1
0
0
0
1
1
0
0
1
0
1
0
0
1
1
0
0
1
1
1
0
1
0
1
0
0
1
1
0
1
0
0
0
0
0
0
0
0
0
0
1
0
1
0
1
0
0
0
0
0
0
0
1
0
1
1
0
0
0
1
0
0
0
1
0
0
1
1
0
0
0
0
0
0
0
0
0
0
0
0
0
0
0
1
0
1
0
0
1
0
0
0
0
0
0
1
0
0
0
0
0
0
0
0
0
0
0
0
0
0
0
0
0
0
0
0
0
0
0
0
0
0
0
0
0
