0.0024267
0.0024267
0.0024267
0.0024267
0.0024267
0.0024267
0.0024267
0.0024267
0.0024267
0.0024267
0.0024267
0.0024267
0.0024267
<<<<<<< HEAD
0.0024267
0.0024267
0.0024267
=======
2.6856e-05
2.6856e-05
2.6856e-05
2.6856e-05
2.6856e-05
2.6856e-05
2.6856e-05
2.6856e-05
2.6856e-05
2.6856e-05
2.6856e-05
2.6856e-05
2.6856e-05
2.6856e-05
2.6856e-05
2.6856e-05
2.6856e-05
2.6856e-05
2.6856e-05
2.6856e-05
2.6856e-05
2.6856e-05
2.6856e-05
2.6856e-05
2.6856e-05
2.6856e-05
2.6856e-05
2.6856e-05
2.6856e-05
2.6856e-05
2.6856e-05
2.6856e-05
2.6856e-05
2.6856e-05
2.6856e-05
2.6856e-05
2.6856e-05
2.6856e-05
2.6856e-05
2.6856e-05
2.6856e-05
2.6856e-05
2.6856e-05
2.6856e-05
2.6856e-05
2.6856e-05
2.6856e-05
2.6856e-05
2.6856e-05
2.6856e-05
2.6856e-05
2.6856e-05
2.6856e-05
2.6856e-05
2.6856e-05
2.6856e-05
2.6856e-05
2.6856e-05
2.6856e-05
2.6856e-05
2.6856e-05
2.6856e-05
2.6856e-05
2.6856e-05
2.6856e-05
2.6856e-05
2.6856e-05
2.6856e-05
2.6856e-05
2.6856e-05
2.6856e-05
>>>>>>> 696f3f8ea0372c7e58d4d0fd85ff03aadbb6820f
