0.0024267
0.0024267
0.0024267
0.0024267
0.0024267
0.0024267
0.0024267
0.0024267
1.226e+06
1.226e+06
1.226e+06
1.226e+06
1.226e+06
1.226e+06
1.226e+06
1.226e+06
0.013639
0.013639
0.013639
0.013639
0.013639
0.013639
0.013639
0.013639
0
0
0
0
0
0
0
0
0.000100389
0.000100389
0.000100389
0.000100389
0.000100389
0.000100389
0.000100389
0.000100389
0.00867185
0.00867185
0.00867185
0.00867185
0.00867185
0.00867185
0.00867185
0.00867185
0.00938208
0.00938208
0.00938208
0.00938208
0.00938208
0.00938208
0.00938208
0.00938208
0.155107
0.155107
0.155107
0.155107
0.155107
0.155107
0.155107
0.155107
0.0143953
0.0143953
0.0143953
0.0143953
0.0143953
0.0143953
0.0143953
0.0143953
2.6856e-05
2.6856e-05
2.6856e-05
2.6856e-05
2.6856e-05
2.6856e-05
2.6856e-05
2.6856e-05
2.6856e-05
2.6856e-05
2.6856e-05
2.6856e-05
2.6856e-05
2.6856e-05
2.6856e-05
2.6856e-05
