9994097
3
1
3
8
3
1
10
9
4
13
3
7
4
14
12
8
10
7
4
2
3
4
10
6
4
2
10
12
3
9
8
10
13
9
0
10
9
4
9
6
8
6
7
9
13
3
8
1
8
8
9
7
10
11
11
8
20
13
14
11
12
7
11
6
7
6
14
5
18
22
22
16
12
13
7
10
20
11
25
21
28
23
15
16
17
13
13
15
23
24
21
19
22
20
19
21
32
36
14
34
30
27
30
25
35
36
47
42
41
39
26
41
38
55
36
39
52
44
46
28
36
31
51
44
66
46
47
37
53
49
58
59
52
41
58
45
58
54
49
65
54
48
47
53
47
44
60
48
43
51
50
50
69
55
38
62
48
64
74
48
50
41
41
64
36
48
40
55
40
46
31
30
37
48
30
29
29
35
37
24
31
24
18
12
23
18
22
15
9
19
13
19
13
16
9
16
8
6
7
16
9
8
13
7
17
5
7
3
2
9
2
4
7
8
7
6
12
8
1
5
4
8
6
3
5
5
5
4
11
7
4
4
1
4
12
11
8
10
9
5
5
9
5
9
6
5
4
3
4
12
5
7
4
5
5
5
4
1
6
11
3
12
4
8
9
5
1
8
4
7
4
3
2
2
3
4
2
0
3
3
9
4
5
11
8
4
4
11
5
4
5
6
5
10
5
4
4
2
2
7
1
2
3
2
5
6
4
0
3
2
6
4
3
3
0
2
1
1
2
6
2
4
3
3
9
2
3
4
3
3
3
3
1
2
1
1
6
1
1
6
0
1
1
4
3
1
1
1
1
0
1
5
4
0
2
2
1
1
4
6
0
0
1
0
2
0
0
1
2
0
0
0
1
3
1
0
0
0
0
1
3
0
1
0
2
0
0
0
1
0
0
0
0
1
0
1
0
2
2
0
0
2
1
0
0
2
0
1
3
0
0
1
0
3
0
0
2
0
2
3
0
0
0
0
2
0
1
0
0
1
0
0
0
1
0
0
0
2
0
0
2
4
0
0
0
0
0
0
0
0
1
1
0
2
0
0
0
1
0
0
1
1
0
1
0
0
2
3
0
2
1
0
0
0
1
0
3
0
1
0
1
0
1
0
0
0
1
0
0
0
1
2
0
0
0
2
0
2
1
0
0
0
0
2
0
0
2
0
0
0
0
0
0
1
0
0
1
0
0
0
0
0
0
0
0
1
0
0
0
0
1
0
0
0
0
1
0
0
0
0
0
0
0
0
0
0
0
0
0
0
0
0
0
0
0
0
0
0
0
0
0
1
0
0
0
0
0
0
0
0
0
0
0
0
0
1
0
0
0
0
0
0
0
0
0
0
1
0
0
0
0
0
0
0
3
0
0
0
0
0
0
0
0
0
0
0
0
0
0
0
1
0
0
0
0
0
0
1
0
0
0
0
0
0
0
0
0
0
0
0
0
0
0
0
0
0
0
0
0
0
0
0
0
0
0
1
0
0
0
0
0
0
0
0
0
0
0
0
0
0
0
0
0
0
0
0
0
0
0
0
0
0
0
0
0
0
0
0
0
0
0
0
0
0
0
0
0
0
0
0
0
0
0
0
0
0
0
0
0
0
0
0
0
0
0
0
0
0
0
0
0
0
0
0
0
0
0
0
0
0
0
0
0
0
0
0
0
0
0
0
0
0
0
0
0
0
0
0
0
0
0
0
0
0
0
0
0
0
0
0
0
0
0
0
0
0
0
0
0
0
0
0
0
0
0
0
0
0
0
0
0
0
0
0
0
0
0
0
0
0
0
0
0
0
0
0
0
0
0
0
0
0
0
0
0
0
0
0
0
0
0
0
0
0
0
0
0
0
0
0
0
0
0
0
0
0
0
0
0
0
0
0
0
0
0
0
0
0
0
0
0
0
0
0
0
0
0
0
0
0
0
0
0
0
0
0
0
0
0
0
0
0
0
0
0
0
0
0
0
0
0
0
0
0
0
0
0
0
0
0
0
0
0
0
0
0
0
0
0
0
0
0
0
0
0
0
0
0
0
0
0
0
0
0
0
0
0
0
0
0
0
0
0
0
0
0
0
0
0
0
0
0
0
0
0
0
0
0
0
0
0
0
0
0
0
0
0
0
0
0
0
0
0
0
0
0
0
0
0
0
0
0
0
0
0
0
0
0
0
0
0
0
0
0
0
0
0
0
0
0
0
0
0
0
0
0
0
0
0
0
0
0
0
0
0
0
0
0
0
0
0
0
0
0
0
0
0
0
0
0
0
0
0
0
0
0
0
0
0
