995102
19
11
11
25
11
17
14
13
14
14
22
22
18
18
22
18
19
25
35
31
36
35
40
36
66
43
44
51
70
62
66
73
82
84
89
95
113
71
104
93
115
86
86
90
82
94
90
87
76
84
85
62
63
53
71
58
71
54
62
57
49
41
33
36
36
33
37
33
29
27
22
34
19
16
27
30
25
33
21
20
17
19
16
27
18
17
15
12
11
12
19
6
16
19
10
8
9
11
9
12
9
15
6
11
7
9
8
11
10
3
14
11
7
13
9
13
11
14
12
5
6
5
13
6
9
7
11
8
6
2
3
8
8
4
7
3
6
9
7
4
6
4
2
4
2
4
4
3
1
4
4
2
6
1
0
8
11
4
1
5
5
2
6
2
2
3
2
0
2
1
7
4
3
1
1
5
2
4
5
1
2
3
6
2
0
2
0
2
2
4
0
2
2
2
1
3
4
2
3
3
4
5
4
1
0
3
5
3
3
1
1
3
0
1
1
1
1
2
1
0
0
3
1
4
1
1
1
0
3
0
3
0
2
3
2
2
2
2
3
1
0
1
3
1
1
2
0
3
2
2
1
2
1
1
0
1
0
1
2
0
0
0
3
1
1
0
0
1
0
1
3
1
1
0
0
2
0
1
1
0
0
0
0
2
0
0
0
0
0
0
1
0
1
2
1
2
0
3
1
0
0
0
0
2
0
2
0
0
1
0
1
0
0
0
0
0
0
1
0
1
0
1
0
2
1
2
0
1
2
1
1
0
0
0
0
3
0
0
2
1
1
1
0
0
0
0
0
2
0
0
0
0
1
0
0
0
1
0
0
0
1
1
0
0
3
0
1
0
0
0
0
0
0
0
0
0
1
0
0
0
0
0
1
1
1
0
0
0
1
0
0
0
0
0
1
0
1
0
0
2
2
0
0
0
2
1
0
0
2
2
2
0
0
3
0
0
1
0
0
0
0
1
0
0
0
2
0
0
2
0
0
0
0
0
0
1
0
0
0
0
1
0
0
1
1
0
0
0
0
0
2
1
1
2
0
0
0
0
2
0
0
0
1
1
0
1
0
0
0
1
1
2
1
0
0
2
1
0
2
0
0
2
0
0
0
0
0
0
0
1
0
1
0
0
0
0
0
1
0
1
0
1
0
0
0
1
0
0
0
0
0
1
0
0
0
0
1
1
0
0
0
0
0
1
0
0
0
2
2
0
0
0
0
0
0
0
0
1
0
1
0
1
0
0
0
0
0
0
0
0
0
0
0
0
0
0
0
0
0
0
0
2
0
0
0
0
0
0
1
0
0
0
0
0
0
0
0
0
0
1
0
0
0
0
0
0
0
0
0
0
0
0
1
0
0
0
0
0
0
0
0
0
0
0
0
0
0
0
0
0
0
1
0
0
0
0
0
0
0
0
0
0
0
0
0
0
0
0
0
1
0
0
0
1
0
0
0
0
0
0
0
0
0
0
0
0
0
0
0
0
0
0
0
0
0
0
0
0
0
0
0
0
0
0
0
0
0
0
0
0
0
0
0
0
0
0
0
0
0
0
0
0
0
0
0
0
0
0
0
0
0
0
0
0
0
0
0
0
0
0
1
0
0
0
1
0
0
0
0
0
0
0
0
0
0
0
0
0
0
0
0
0
0
0
0
0
0
0
0
0
0
0
0
0
0
0
0
0
0
0
0
0
0
0
0
0
0
0
0
0
0
0
0
0
0
0
0
0
0
0
0
0
0
0
0
0
0
0
0
0
0
0
0
0
0
0
0
0
0
0
0
0
0
0
0
0
0
0
0
0
0
0
0
0
0
0
0
0
0
0
0
0
0
0
0
0
0
0
0
0
0
0
0
0
0
0
0
0
0
0
0
0
0
0
0
0
0
0
0
0
0
0
0
0
0
0
0
0
0
0
0
0
0
0
0
0
0
0
0
0
0
0
0
0
0
0
0
0
0
0
0
0
0
0
0
0
0
0
0
0
0
0
0
0
0
0
0
0
0
0
0
0
0
0
0
0
0
0
0
0
0
0
0
0
0
0
0
0
0
0
0
0
0
0
0
0
0
0
0
0
0
0
0
0
0
0
0
0
0
0
0
0
0
0
0
0
0
0
0
0
0
0
0
0
0
0
0
0
0
0
0
0
0
0
0
0
0
0
0
0
0
0
0
0
0
0
0
0
0
0
0
0
0
0
0
0
0
0
0
0
0
0
0
0
0
0
0
0
0
0
0
0
0
0
0
0
0
0
0
0
0
0
0
0
0
0
0
0
0
