995102
3
12
10
14
8
12
12
15
9
14
16
19
15
18
27
17
16
24
25
29
31
20
39
36
32
38
53
52
53
59
68
78
68
85
74
65
83
75
87
86
84
77
93
111
76
97
103
94
60
70
92
79
74
68
83
66
69
46
59
50
54
45
38
40
36
42
35
31
47
43
30
37
32
30
27
24
21
18
21
20
19
28
15
23
19
22
7
8
18
20
22
18
16
18
6
12
20
7
8
9
12
16
11
12
10
9
12
14
16
11
7
13
11
6
12
11
10
9
8
5
8
5
9
10
7
2
11
7
11
7
12
3
6
5
8
8
5
6
4
7
6
5
2
6
4
12
6
1
7
7
4
6
4
7
3
5
5
6
7
1
1
4
2
3
3
6
3
3
2
1
2
6
6
6
2
3
5
5
5
1
2
2
1
3
4
4
1
4
2
3
4
5
2
2
3
5
1
4
2
3
1
4
3
4
3
2
4
2
1
3
1
4
1
1
2
1
4
3
2
5
1
3
1
2
2
0
1
2
2
1
0
1
5
1
2
1
2
0
2
1
1
3
2
1
1
0
1
0
3
2
3
1
3
3
1
1
1
2
1
1
2
2
1
2
1
0
0
1
6
1
3
2
0
1
1
0
0
0
1
1
1
1
2
0
0
4
3
1
0
2
3
2
1
0
2
0
0
0
0
2
1
1
3
0
0
2
0
1
0
1
0
3
1
0
2
2
0
0
0
2
0
1
1
1
0
0
0
0
0
0
0
0
1
1
0
0
0
0
0
0
0
1
0
0
0
0
1
1
0
1
0
1
0
1
1
0
0
1
0
0
2
1
0
0
1
2
0
0
1
1
0
2
1
0
0
1
1
0
0
1
1
1
0
0
0
0
0
1
0
0
0
0
0
0
0
0
0
0
0
0
0
1
0
0
0
0
0
0
0
0
0
1
0
0
0
0
0
0
1
1
2
0
1
0
1
0
0
0
1
1
2
0
0
0
0
0
0
2
0
0
0
0
0
1
0
1
1
0
0
0
0
0
0
0
0
0
0
0
0
1
0
1
0
1
0
0
0
0
0
0
1
1
0
0
0
1
0
0
0
0
0
0
1
0
0
0
0
1
0
0
0
0
1
0
0
0
0
1
0
0
1
1
0
0
0
0
1
1
0
1
0
0
0
1
0
0
0
3
0
0
2
0
0
2
0
0
1
1
1
1
0
0
0
1
0
2
2
0
0
0
1
1
0
0
1
2
2
0
0
0
0
0
0
0
0
1
0
0
0
0
2
0
0
0
0
0
0
0
0
0
1
0
0
0
0
0
0
0
0
0
0
0
0
0
0
2
0
1
0
0
1
0
0
0
0
0
0
0
0
0
0
0
0
0
0
0
0
0
0
0
0
1
0
0
1
1
0
0
0
0
0
0
0
0
0
0
0
0
0
0
0
0
0
0
0
0
0
0
0
0
0
0
0
0
0
0
0
0
0
0
0
0
0
0
0
0
0
0
0
0
0
0
0
0
0
0
0
0
0
0
0
0
0
0
0
0
0
0
0
0
0
0
0
0
0
0
0
0
0
0
0
0
0
0
0
0
0
0
0
0
0
0
0
0
0
0
0
0
0
0
0
0
0
0
0
0
0
0
0
0
0
0
0
0
0
0
0
0
1
0
0
0
0
0
0
0
0
0
0
0
0
0
0
0
0
0
0
0
0
0
0
0
0
0
0
0
0
0
0
0
0
0
0
0
0
0
0
0
0
0
0
0
0
0
0
0
0
0
0
0
0
0
0
0
0
0
0
0
0
0
0
0
0
0
0
0
0
0
0
0
0
0
0
0
0
0
0
0
0
0
0
0
0
0
0
0
0
0
0
0
0
0
0
0
0
0
0
0
0
0
0
0
0
0
0
0
0
0
0
0
0
0
0
0
0
0
0
0
0
0
0
0
0
0
0
0
0
0
0
0
0
0
0
0
0
0
0
0
0
0
0
0
0
0
0
0
0
0
0
0
0
0
0
0
0
0
0
0
0
0
0
0
0
0
0
0
0
0
0
0
0
0
0
0
0
0
0
0
0
0
0
0
0
0
0
0
0
0
0
0
0
0
0
0
0
0
0
0
0
0
0
0
0
0
0
0
0
0
0
0
0
0
0
0
0
0
0
0
0
0
0
0
0
0
0
0
0
0
0
0
0
0
0
0
0
0
0
0
0
0
0
0
0
0
0
0
0
0
0
0
0
0
0
0
0
0
0
0
0
0
0
0
0
0
0
0
0
0
0
