0
0
0
0
0
0
0
0
0
0
0
0
0
0
0
0
0
0
0
0
0
0
877
8742
9358
7271
5022
3570
2443
1680
1097
751
502
350
247
151
99
69
60
56
40
50
44
40
39
34
40
34
45
33
54
40
40
34
40
36
50
36
40
40
52
49
34
44
42
48
50
39
51
35
45
32
42
61
28
33
35
51
32
43
37
53
43
35
38
42
33
38
42
33
46
36
33
45
50
33
50
34
39
49
51
42
53
62
62
47
44
51
52
53
69
59
56
57
57
78
73
72
74
73
77
84
78
71
87
72
103
73
90
93
86
99
102
111
114
89
100
96
100
106
117
113
131
105
119
114
126
117
125
122
113
119
133
125
96
122
112
121
116
110
91
97
119
117
101
95
105
112
125
109
100
82
98
114
103
84
102
108
95
84
84
79
91
82
78
76
89
80
66
75
81
65
61
69
51
87
56
60
78
53
74
70
66
63
50
54
60
64
64
56
54
50
57
53
56
59
59
46
54
67
56
70
67
60
75
66
70
83
77
74
80
81
83
80
87
67
52
79
75
72
92
109
91
88
100
101
112
120
120
120
136
95
128
121
112
138
143
129
141
159
145
135
158
138
142
163
176
182
181
157
190
193
151
193
218
201
179
174
191
201
207
226
228
196
218
230
218
210
215
219
228
198
235
230
223
212
195
226
209
215
188
208
233
234
233
223
230
227
215
205
203
200
197
198
183
203
181
195
170
197
210
175
186
164
137
196
176
167
169
162
143
143
163
171
154
137
97
126
138
140
130
137
125
122
123
146
129
127
111
90
101
81
111
81
89
111
92
102
79
93
85
79
91
85
89
85
73
66
59
87
72
63
73
91
68
74
65
68
82
57
41
74
55
57
56
39
43
51
50
56
62
52
68
60
43
51
51
54
44
48
54
39
40
51
47
52
56
45
64
46
51
60
62
48
42
49
44
58
49
61
50
64
46
55
50
37
45
44
46
50
49
57
47
49
64
40
52
44
46
60
48
42
43
52
58
57
44
51
51
49
44
46
52
47
40
48
54
59
50
55
54
36
57
51
35
38
47
35
52
46
54
48
43
40
56
42
47
53
63
48
36
44
48
35
49
30
40
43
49
52
39
51
49
32
40
34
41
44
44
34
41
46
37
51
36
40
42
42
34
51
48
47
40
30
28
38
43
40
35
48
39
35
44
39
44
43
32
38
48
35
44
32
38
28
39
39
39
40
38
38
48
38
27
42
39
40
39
36
25
34
36
38
29
38
40
35
38
34
30
31
47
38
35
26
25
37
42
30
41
41
30
38
32
35
50
39
36
32
29
33
34
27
36
29
29
35
30
28
33
33
34
25
37
27
36
39
34
32
29
30
28
25
25
36
22
47
28
31
41
34
30
21
42
21
27
38
23
25
27
24
30
28
29
33
31
32
29
25
20
30
19
34
22
32
27
31
25
25
30
21
29
31
28
39
30
34
29
28
27
29
40
20
25
30
23
25
26
25
26
28
30
36
30
26
25
23
30
26
21
23
30
18
19
22
35
28
24
19
25
18
20
25
25
24
16
21
27
23
26
23
19
32
29
20
31
27
19
22
20
25
22
21
16
26
18
24
20
20
23
29
22
23
28
19
19
20
24
21
32
24
20
13
21
25
25
14
29
17
26
13
24
22
27
17
24
21
22
17
26
15
30
22
17
22
22
18
22
19
27
29
22
22
13
21
25
15
16
15
37
16
27
24
16
16
11
23
16
15
24
18
18
14
21
20
16
18
15
23
16
15
19
17
20
15
19
14
18
22
16
16
18
14
22
21
17
11
21
17
26
19
19
19
10
15
18
24
20
13
15
17
11
15
19
22
23
16
15
15
13
13
17
12
23
13
9
19
12
13
14
15
21
13
13
19
12
18
16
10
11
10
24
14
8
11
15
16
17
13
11
16
13
19
14
15
15
16
10
14
21
11
17
11
14
14
11
16
18
9
10
14
14
12
20
12
19
18
19
17
13
9
13
7
12
14
11
15
12
5
9
19
16
17
14
18
18
18
12
12
17
10
13
8
12
12
17
9
15
12
18
11
11
14
7
14
15
10
11
23
14
10
15
13
11
16
10
11
10
12
15
16
9
9
13
8
19
10
12
9
14
14
7
12
8
11
11
13
7
11
17
16
4
10
15
7
15
16
7
11
13
6
11
11
9
8
10
11
9
10
5
16
11
6
7
10
11
13
9
7
13
7
7
14
13
10
11
9
13
14
10
14
6
17
8
11
9
6
8
14
13
12
11
8
12
11
7
7
10
9
9
8
7
13
9
5
13
8
8
7
11
8
7
10
4
4
9
13
7
8
8
8
8
9
12
8
11
9
6
6
10
8
10
8
8
6
6
6
9
5
11
4
12
9
8
9
10
9
8
1
8
10
5
6
10
13
9
7
7
17
7
5
3
12
11
12
4
6
7
5
7
9
6
9
4
7
7
5
5
12
10
9
10
9
8
7
7
3
7
7
7
10
9
9
5
11
4
7
12
8
9
5
8
6
9
15
7
12
5
9
7
2
10
10
7
10
4
6
12
9
11
10
8
12
8
7
10
5
5
6
3
8
9
6
7
8
7
8
3
7
8
7
6
9
5
4
4
8
7
7
1
9
7
6
8
5
6
12
8
6
9
4
6
4
4
6
5
11
7
4
6
14
5
6
8
6
11
10
6
2
6
5
3
8
4
4
8
4
10
8
7
12
5
6
8
3
2
4
6
7
4
7
6
8
4
3
5
5
6
7
5
7
5
4
7
8
7
2
7
9
7
4
4
6
8
8
6
5
10
7
6
6
4
2
7
3
6
5
6
4
8
5
5
5
3
6
3
12
6
4
7
12
7
7
9
4
5
6
4
9
7
5
6
6
2
2
8
2
4
4
4
3
6
3
6
7
5
6
2
3
8
2
5
2
8
6
7
3
6
7
2
7
5
9
7
3
2
6
4
3
3
6
2
2
6
7
8
1
1
6
4
5
3
4
5
3
5
6
5
7
7
4
5
3
3
2
3
4
5
2
2
8
4
5
5
3
4
4
2
4
2
2
2
3
4
6
9
3
5
4
4
1
3
1
2
3
2
6
2
3
4
6
1
2
3
4
1
4
9
1
5
5
6
3
5
3
3
2
4
6
2
5
4
4
2
2
6
4
3
3
7
6
5
2
1
5
5
7
4
3
4
1
8
4
6
3
1
4
3
6
4
5
7
1
4
4
6
5
4
2
4
3
2
2
3
3
0
4
5
4
4
2
3
1
4
5
2
4
5
7
1
4
2
2
5
6
2
2
7
2
4
2
8
2
7
4
2
4
5
3
4
3
3
4
2
2
8
0
4
7
6
3
7
2
2
3
5
3
4
4
0
2
2
1
7
4
2
3
7
6
4
1
4
1
1
5
4
5
5
4
6
3
4
3
6
0
4
2
2
1
1
3
4
3
5
2
3
2
0
1
2
2
2
5
2
4
1
5
5
6
3
1
2
1
3
4
3
2
2
6
0
0
3
3
4
3
3
6
4
2
2
2
2
4
4
4
4
5
6
2
9
2
3
2
3
5
1
2
3
2
6
4
3
4
1
2
4
7
2
3
3
2
7
2
5
2
2
4
1
1
2
3
5
3
3
4
5
3
1
6
5
6
2
3
7
2
4
4
3
1
2
1
1
2
3
3
1
1
1
4
6
8
4
3
3
1
6
2
0
3
5
5
2
4
1
5
2
5
8
4
1
3
1
3
2
6
4
2
4
7
4
3
1
4
2
3
4
2
3
3
2
3
5
5
3
1
5
2
3
3
2
3
2
3
4
3
3
1
1
5
2
5
2
6
1
3
2
1
1
3
5
2
2
2
3
1
2
3
1
2
1
4
4
2
1
2
4
4
2
4
0
4
3
4
4
0
4
4
4
4
2
4
1
3
3
1
2
4
6
0
1
3
4
1
1
3
1
1
3
2
1
3
4
0
3
3
2
1
5
3
1
2
3
1
3
7
3
3
4
4
4
5
4
1
1
1
1
0
3
3
3
4
1
3
2
4
3
3
4
4
1
1
5
1
4
0
1
1
1
6
5
2
3
1
1
5
5
0
3
2
2
2
2
7
4
2
4
1
4
2
5
2
1
2
3
4
1
1
1
2
0
5
5
3
2
3
0
2
3
2
0
2
2
2
0
6
0
0
1
2
3
1
0
5
5
3
4
4
1
2
2
3
3
3
4
0
2
3
2
4
4
1
1
6
3
2
1
2
0
4
1
3
2
1
3
2
4
2
4
2
3
2
1
3
2
5
4
1
4
4
2
1
2
2
4
1
1
2
4
4
2
4
2
1
1
1
3
2
0
4
0
7
2
3
4
3
4
5
1
1
3
1
3
3
2
3
3
1
1
5
0
2
4
5
4
1
4
0
8
4
3
3
1
2
2
2
2
0
4
1
4
3
3
3
1
1
4
1
2
1
1
2
0
2
1
2
6
1
2
0
2
1
1
1
3
3
4
4
5
3
3
1
3
5
2
2
3
2
4
4
2
4
3
2
2
3
3
6
4
2
3
1
2
1
1
3
2
3
2
1
4
3
0
3
3
5
4
1
3
0
2
5
3
1
1
2
2
3
0
2
3
0
1
2
0
5
1
4
3
3
2
2
1
1
5
1
3
2
1
2
4
2
5
3
0
3
4
2
3
4
2
3
5
4
2
2
2
1
3
2
4
7
4
2
3
1
3
3
6
6
4
2
4
1
3
3
1
2
5
3
1
1
0
2
2
4
5
3
5
3
3
6
2
2
1
7
7
2
5
3
1
9
7
5
5
3
5
5
2
3
3
1
4
2
5
4
3
8
4
1
11
5
2
12
0
2
6
6
10
5
5
2
7
5
5
4
2
4
3
5
6
9
5
3
6
5
10
6
9
9
5
12
7
9
7
8
6
4
7
5
3
2
4
4
3
5
4
12
11
5
8
1
9
5
6
6
8
8
3
6
13
7
11
8
6
8
11
8
10
11
18
8
12
10
12
12
13
6
15
12
8
11
7
9
8
5
5
14
10
15
14
12
19
14
10
13
10
17
15
24
15
15
23
17
17
12
20
17
12
14
16
12
15
22
18
19
21
19
16
20
24
18
31
31
30
28
36
29
20
31
18
23
36
17
31
27
22
34
29
34
39
31
27
24
27
40
27
28
34
43
28
33
23
27
27
25
26
18
19
17
15
18
18
10
5
5
5
6
1
1
4
0
3
0
0
0
2
0
1
1
0
0
0
0
0
0
0
0
0
0
0
0
0
0
0
0
1
0
1
0
0
0
0
0
0
0
1
0
0
0
0
0
0
0
0
0
0
0
0
0
0
0
1
1
0
0
0
0
0
0
0
0
0
1
0
0
0
0
0
0
0
0
0
0
0
0
0
0
1
0
0
0
0
0
0
0
0
0
0
0
0
0
0
1
0
0
0
0
0
0
0
0
0
0
0
0
0
0
0
0
1
0
0
0
0
0
0
1
0
0
0
0
0
0
0
0
0
0
0
0
0
0
0
0
0
0
0
0
0
0
0
0
0
0
0
0
0
0
0
0
0
0
0
0
0
0
0
0
0
0
0
0
0
0
0
0
0
0
0
0
0
0
0
0
0
0
0
0
0
0
0
0
0
0
0
0
0
0
0
0
0
0
0
0
0
0
0
0
0
0
0
0
0
0
0
0
0
0
0
0
0
0
0
0
0
0
0
0
0
0
0
0
0
0
0
0
0
0
0
0
0
0
0
0
0
0
0
0
0
0
0
0
0
0
0
0
0
0
0
0
0
0
0
0
0
0
0
0
0
0
0
0
0
0
0
0
0
0
0
0
0
0
0
0
0
0
0
0
0
0
0
0
0
0
0
0
0
0
0
0
0
0
0
0
0
0
0
0
0
0
0
0
0
0
0
0
0
0
0
0
0
0
0
0
0
0
0
0
0
0
0
0
0
0
0
0
0
0
0
0
0
0
0
0
0
0
0
0
0
0
0
0
0
0
0
0
0
0
0
0
0
0
0
0
0
0
0
0
0
0
0
0
0
0
0
0
0
0
0
0
0
0
0
0
0
0
0
0
0
0
0
0
0
0
0
0
0
0
0
0
0
0
0
0
0
0
0
0
0
0
0
0
0
0
0
0
0
0
0
0
0
0
0
0
0
0
0
0
0
0
0
0
0
0
0
0
0
0
0
0
0
0
0
0
0
0
0
0
0
0
0
0
0
0
0
0
0
0
0
0
0
0
0
0
0
0
0
0
0
0
0
0
0
0
0
0
0
0
0
0
0
0
0
0
0
0
0
0
0
0
0
0
0
0
0
0
0
0
0
0
0
0
0
0
0
0
0
0
0
0
0
0
0
0
0
0
0
0
0
0
0
0
0
0
0
0
0
0
0
0
0
0
0
0
0
0
0
0
0
0
0
0
0
0
0
0
0
0
0
0
0
0
0
0
0
0
0
0
0
0
0
0
0
0
0
0
0
0
0
0
0
0
0
0
0
0
0
0
0
0
0
0
0
0
0
0
0
0
0
0
0
0
0
0
0
0
0
0
0
0
0
0
0
0
0
0
0
0
0
0
0
0
0
0
0
0
0
0
0
0
0
0
0
0
0
0
0
0
0
0
0
0
0
0
0
0
0
0
0
0
0
0
0
0
0
0
0
0
0
0
0
0
0
0
0
0
0
0
0
0
0
0
0
0
0
0
0
0
0
0
0
0
0
0
0
0
0
0
0
0
0
0
0
0
0
0
0
0
0
0
0
0
0
0
0
0
0
0
0
0
0
0
0
0
0
0
0
0
0
0
0
0
0
0
0
0
0
0
0
0
0
0
0
0
0
0
0
0
0
0
0
0
0
0
0
0
0
0
0
0
0
0
0
0
0
0
0
0
0
0
0
0
0
0
0
0
0
0
0
0
0
0
0
0
0
0
0
0
0
0
0
0
0
0
0
0
0
0
0
0
0
0
0
0
0
0
0
0
0
0
0
0
0
0
0
0
0
0
0
0
0
0
0
0
0
0
0
0
0
0
0
0
0
0
0
0
0
0
0
0
0
0
0
0
0
0
0
0
0
0
0
0
0
0
0
0
0
0
0
0
0
0
0
0
0
0
0
0
0
0
0
0
0
0
0
0
0
0
0
0
0
0
0
0
0
0
0
0
0
0
0
0
0
0
0
0
0
0
0
0
0
0
0
0
0
0
0
0
0
0
0
0
0
0
0
0
0
0
0
0
0
0
0
0
0
0
0
0
0
0
0
0
0
0
0
0
0
0
0
0
0
0
0
0
0
0
0
0
0
0
0
0
0
0
0
0
0
0
0
0
0
0
0
0
0
0
0
0
0
0
0
0
0
0
0
0
0
0
0
0
0
0
0
0
0
0
0
0
0
0
0
0
0
0
0
0
0
0
0
0
0
0
0
0
0
0
0
0
0
0
0
0
0
0
0
0
0
0
0
0
0
0
0
0
0
0
0
0
0
0
0
0
0
0
0
0
0
0
0
0
0
0
0
0
0
0
0
0
0
0
0
0
0
0
0
0
0
0
0
0
0
0
0
0
0
0
0
0
0
0
0
0
0
0
0
0
0
0
0
0
0
0
0
0
0
0
0
0
0
0
0
0
0
0
0
0
0
0
0
0
0
0
0
0
0
0
0
0
0
0
0
0
0
0
0
0
0
0
0
0
0
0
0
0
0
0
0
0
0
0
0
0
0
0
0
0
0
0
0
0
0
0
0
0
0
0
0
0
0
0
0
0
0
0
0
0
0
0
0
0
0
0
0
0
0
0
0
0
0
0
0
0
0
0
0
0
0
0
0
0
0
0
0
0
0
0
0
0
0
0
0
0
0
0
0
0
0
0
0
0
0
0
0
0
0
0
0
0
0
0
0
0
0
0
0
0
0
0
0
0
0
0
0
0
0
0
0
0
0
0
0
0
0
0
0
0
0
0
0
0
0
0
0
0
0
0
0
0
0
0
0
0
0
0
0
0
0
0
0
0
0
0
0
0
0
0
0
0
0
0
0
0
0
0
0
0
0
0
0
0
0
0
0
0
0
0
0
0
0
0
0
0
0
0
0
0
0
0
0
0
0
0
0
0
0
0
0
0
0
0
0
0
0
0
0
0
0
0
0
0
0
0
0
0
0
0
0
0
0
0
0
0
0
0
0
0
0
0
0
0
0
0
0
0
0
0
0
0
0
0
0
0
0
0
0
0
0
0
0
0
0
0
0
0
0
0
0
0
0
0
0
0
0
0
0
0
0
0
0
0
0
0
0
0
0
0
0
0
0
0
0
0
0
0
0
0
0
0
0
0
0
0
0
0
0
0
0
0
0
0
0
0
0
0
0
0
0
0
0
0
0
0
0
0
0
0
0
0
0
0
0
0
0
0
0
0
0
0
0
0
0
0
0
0
0
0
0
0
0
0
0
0
0
0
0
0
0
0
0
0
0
0
0
0
0
0
0
0
0
0
0
0
0
0
0
0
0
0
0
0
0
0
0
0
0
0
0
0
0
0
0
0
0
0
0
0
0
0
0
0
0
0
0
0
0
0
0
0
0
0
0
0
0
0
0
0
0
0
0
0
0
0
0
0
0
0
0
0
0
0
0
0
0
0
0
0
0
0
0
0
0
0
0
0
0
0
0
0
0
0
0
0
0
0
0
0
0
0
0
0
0
0
0
0
0
0
0
0
0
0
0
0
0
0
0
0
0
0
0
0
0
0
0
0
0
0
0
0
0
0
0
0
0
0
0
0
0
0
0
0
0
0
0
0
0
0
0
0
0
0
0
0
0
0
0
0
0
0
0
0
0
0
0
0
0
0
0
0
0
0
0
0
0
0
0
0
0
0
0
0
0
0
0
0
0
0
0
0
0
0
0
0
0
0
0
0
0
0
0
0
0
0
0
0
0
0
0
0
0
0
0
0
0
0
0
0
0
0
0
0
0
0
0
0
0
0
0
0
0
0
0
0
0
0
0
0
0
0
0
0
0
0
0
0
0
0
0
0
0
0
0
0
0
0
0
0
0
0
0
0
0
0
0
0
0
0
0
0
0
0
0
0
0
0
0
0
0
0
0
0
0
0
0
0
0
0
0
0
0
0
0
0
0
0
0
0
0
0
0
0
0
0
0
0
0
0
0
0
0
0
0
0
0
0
0
0
0
0
0
0
0
0
0
0
0
0
0
0
0
0
0
0
0
0
0
0
0
0
0
0
0
0
0
0
0
0
0
0
0
0
0
0
0
0
0
0
0
0
<<END>>
