0
0
0
0
0
0
0
0
0
0
0
0
0
0
0
0
0
0
0
0
0
0
581
7818
8592
6383
4608
3281
2249
1462
1046
616
456
307
177
130
98
64
55
36
29
32
28
19
20
18
30
25
29
31
25
31
30
23
20
21
36
31
20
22
39
22
21
20
35
21
29
30
32
42
32
35
48
33
48
56
38
34
43
38
40
37
37
41
46
40
48
36
40
39
39
40
45
47
55
46
36
47
44
60
54
62
68
47
48
47
45
53
65
54
34
46
44
46
41
31
32
51
46
45
50
34
47
39
44
49
30
37
40
54
35
40
28
32
22
36
39
31
38
41
46
40
45
26
38
35
37
43
53
40
49
40
48
48
43
41
48
55
50
36
59
50
54
54
52
66
65
68
76
74
80
86
81
73
92
95
102
86
99
98
117
100
122
102
116
139
133
126
150
123
138
141
136
142
140
152
142
126
147
172
157
164
159
148
178
179
171
155
178
179
161
174
190
209
171
176
209
190
198
197
167
188
198
174
196
184
192
181
161
207
187
180
169
159
191
173
187
173
188
173
149
155
164
136
152
139
146
145
130
133
133
120
141
138
107
123
106
110
99
129
98
100
118
114
95
78
56
82
96
85
84
72
83
74
78
69
98
75
68
64
63
69
55
66
59
55
46
55
46
52
65
61
58
48
42
72
60
53
58
52
49
45
52
56
48
53
53
48
55
46
50
60
51
53
48
48
50
36
51
40
56
44
43
34
37
48
30
59
45
43
58
46
49
55
49
55
41
42
43
44
41
31
45
42
50
48
55
45
49
42
61
44
39
45
44
37
35
45
38
46
45
40
43
46
59
42
38
45
45
51
48
49
46
57
57
36
63
50
44
55
49
47
46
41
47
52
41
45
49
50
56
46
42
42
48
35
42
46
46
44
47
60
54
45
43
37
45
47
46
51
36
46
52
49
58
47
47
37
44
53
40
48
49
40
39
54
40
45
49
53
47
34
47
44
38
48
43
48
43
40
50
50
45
48
45
54
41
51
36
37
54
34
39
44
54
46
53
45
34
39
46
53
51
53
46
46
45
31
38
45
46
45
40
39
50
39
47
49
42
49
48
47
51
38
39
47
38
35
49
37
51
38
47
37
51
44
45
39
45
32
34
36
63
37
40
41
37
34
49
52
47
46
39
38
43
45
53
37
50
33
25
33
41
46
39
43
41
41
37
41
38
42
46
47
52
39
41
32
41
30
43
33
33
36
23
47
24
35
31
27
40
40
40
33
33
35
34
34
35
29
32
41
39
41
36
31
32
30
38
36
33
37
33
38
33
37
34
27
35
42
29
26
35
35
44
29
40
30
26
25
35
36
39
37
32
37
34
32
26
22
33
38
32
22
28
38
30
29
30
37
31
24
18
29
27
31
30
29
30
29
30
27
31
35
31
32
21
21
24
21
35
23
30
26
32
21
30
38
31
24
30
14
32
26
18
25
30
27
21
24
30
25
26
27
30
36
21
25
26
26
15
25
23
22
29
38
20
29
31
26
17
17
19
35
44
26
22
32
29
23
20
27
13
26
33
27
16
22
18
18
17
31
26
17
25
30
31
19
25
22
22
19
21
23
25
22
28
20
25
21
19
24
29
24
25
11
25
21
22
20
20
21
26
22
24
19
21
25
27
26
20
22
19
24
17
18
16
21
20
24
31
21
31
23
19
25
21
25
21
17
22
19
20
29
28
21
18
20
21
25
19
11
16
16
15
14
18
6
15
25
18
20
19
28
21
18
29
18
31
22
16
11
26
24
16
24
17
12
15
20
22
16
21
15
21
17
14
22
23
19
17
17
22
20
19
17
14
21
12
19
11
10
21
27
20
15
14
19
15
13
20
14
20
16
17
18
19
25
13
14
20
13
8
18
16
21
15
17
17
17
6
12
9
12
12
14
15
16
19
21
17
13
17
18
22
10
16
14
10
16
15
18
8
17
22
21
12
10
13
14
15
14
16
19
13
14
23
7
9
8
13
15
13
9
10
16
13
22
4
13
17
11
18
16
20
12
14
10
10
18
11
12
10
15
17
9
13
11
14
10
14
11
10
11
14
18
13
14
10
13
10
9
11
11
18
7
15
10
13
15
16
12
6
9
9
13
16
12
15
13
17
13
13
12
14
13
14
8
8
4
14
9
13
14
5
13
8
14
8
14
13
11
6
7
10
8
16
14
14
9
10
15
12
7
13
9
14
8
17
13
13
8
9
13
6
5
7
9
12
11
10
10
9
14
15
11
9
11
13
7
15
8
12
9
13
12
8
7
11
7
12
10
12
12
14
11
16
10
6
7
5
12
15
7
13
12
12
7
12
11
14
8
9
11
13
12
7
9
7
7
9
12
8
7
8
7
16
9
5
12
10
9
14
9
7
9
11
10
9
6
11
8
5
4
9
8
7
8
13
8
11
6
5
12
12
9
10
7
11
9
13
11
7
6
18
5
11
13
3
5
6
8
6
11
9
11
10
7
11
8
9
7
13
4
3
10
4
9
6
12
8
5
7
10
9
7
7
10
10
6
10
10
5
11
3
9
6
7
15
7
4
8
11
7
5
4
9
9
8
12
11
6
6
10
10
5
8
9
4
3
5
3
7
9
9
6
8
8
9
6
9
10
6
5
10
7
6
5
6
5
5
4
7
10
8
6
6
4
8
13
5
6
4
6
1
8
4
8
3
13
4
10
8
7
8
5
2
8
11
7
6
5
5
9
7
6
6
8
5
5
5
12
8
5
6
7
9
5
4
8
6
6
8
6
7
6
6
3
9
13
6
6
5
9
8
8
5
8
8
9
8
8
8
4
7
4
4
4
6
3
6
7
2
12
5
6
5
4
3
5
3
6
4
5
2
7
3
4
4
3
5
11
6
3
3
4
5
2
6
2
3
4
6
6
5
6
3
4
4
3
1
1
2
6
3
7
6
5
7
4
10
3
3
5
5
2
5
2
10
5
4
4
4
5
7
6
7
2
4
10
6
7
3
3
5
5
5
4
3
4
7
0
7
8
5
7
2
5
5
4
5
5
3
5
5
5
3
6
2
8
4
4
5
1
4
5
1
6
5
1
6
2
6
4
5
3
5
5
8
1
4
5
7
3
7
2
4
9
1
3
6
7
3
2
2
3
5
5
5
6
6
6
3
5
4
6
3
4
6
6
3
2
3
6
5
5
4
3
7
2
4
3
5
1
4
5
3
5
4
5
5
3
6
1
2
4
3
4
4
3
3
4
1
3
3
5
8
2
1
3
4
5
3
6
3
3
1
1
5
2
4
6
5
2
3
5
4
1
1
7
6
3
7
2
4
2
3
2
6
5
4
2
5
3
7
3
3
2
2
4
4
3
1
1
5
5
6
2
1
3
3
1
6
3
6
2
2
3
5
2
2
1
4
6
2
2
3
2
4
2
4
4
3
6
5
3
3
5
3
2
3
1
1
1
7
6
6
2
5
2
4
1
4
2
5
2
3
4
3
2
5
1
3
4
5
2
1
2
1
3
5
1
2
2
2
1
3
3
4
4
6
7
3
3
4
2
3
4
5
6
4
2
3
6
2
4
4
1
2
4
5
5
4
1
1
0
2
3
3
4
6
3
8
4
2
2
3
2
2
6
5
6
1
4
2
5
0
0
3
4
7
5
1
5
2
3
5
5
4
1
6
3
2
0
5
5
2
4
1
1
3
2
3
1
1
4
3
0
1
4
2
2
3
2
5
3
7
3
5
3
1
0
4
2
5
1
2
3
2
2
2
3
2
3
1
6
2
4
3
3
5
3
2
1
4
3
2
4
3
4
2
1
5
3
5
0
3
2
4
2
5
2
5
7
1
2
2
4
3
2
4
2
3
3
7
3
1
2
2
4
1
5
3
2
0
5
2
1
3
4
1
5
0
1
2
1
4
0
0
3
2
3
3
3
3
6
5
4
4
2
3
5
2
2
4
0
5
2
1
2
1
2
1
2
1
2
1
2
4
2
2
1
3
2
2
1
3
2
2
3
1
3
3
2
2
4
4
2
2
2
5
3
2
4
6
2
4
0
3
2
2
5
4
3
1
4
2
4
6
3
1
2
1
0
2
3
4
6
1
3
1
2
7
4
2
1
2
5
2
3
1
2
2
2
3
4
7
0
4
1
3
5
4
1
3
3
1
3
1
6
3
3
3
4
3
2
3
5
3
6
4
5
4
1
2
1
1
1
1
2
2
3
0
4
1
3
3
2
2
2
4
1
3
2
4
3
1
3
1
2
2
3
2
4
1
0
1
4
4
1
3
1
1
2
4
3
3
0
3
3
3
3
3
2
2
1
2
2
2
0
5
2
1
3
4
2
1
1
1
3
5
1
3
4
2
2
5
3
3
6
4
2
5
2
4
2
4
1
1
0
3
1
3
1
2
3
4
2
1
1
4
2
1
1
5
3
3
1
1
0
1
2
5
3
0
0
2
2
3
4
1
2
1
3
5
3
2
3
2
3
3
3
5
3
2
2
1
3
4
2
1
1
4
2
1
4
2
2
0
3
2
5
2
1
2
4
5
5
4
1
5
1
1
1
3
0
6
3
5
1
0
4
2
2
4
3
1
3
3
4
5
3
1
2
0
5
3
3
4
5
2
9
3
2
2
2
7
3
5
3
0
6
5
1
5
2
1
3
1
6
4
5
2
5
5
1
4
1
2
1
6
2
1
1
3
2
2
1
0
9
5
3
1
3
2
1
3
1
4
2
3
1
8
3
2
3
4
7
6
3
4
3
1
3
5
2
10
3
0
5
4
2
2
2
7
3
4
6
2
9
7
4
3
5
3
4
7
7
4
4
4
2
4
9
4
4
2
4
2
4
5
5
6
6
6
1
7
8
2
1
1
8
10
6
8
2
7
6
4
6
3
6
4
6
5
8
7
5
9
6
9
7
2
6
16
7
8
8
8
7
9
8
10
6
8
12
5
8
9
9
6
9
5
7
8
11
13
4
6
6
11
10
9
10
4
6
13
7
15
9
10
11
14
13
9
8
5
10
14
7
16
13
14
15
5
13
19
18
11
12
12
4
12
18
11
13
15
20
17
8
6
22
15
20
19
18
21
19
12
27
19
16
15
19
26
25
17
25
30
33
19
23
26
29
29
25
31
32
30
31
24
31
24
30
30
27
21
26
32
43
46
43
34
22
38
43
32
43
34
27
25
35
35
19
23
22
15
17
12
14
11
10
7
7
9
3
4
1
5
3
2
2
3
0
0
0
1
0
0
0
0
0
0
0
0
0
1
0
0
0
0
0
0
1
0
0
0
0
0
0
0
0
0
0
0
0
0
0
1
0
0
0
0
0
0
1
0
0
0
0
0
0
0
0
0
0
0
0
1
0
0
0
0
0
0
0
0
0
0
0
0
0
0
0
0
1
0
0
0
0
0
0
0
0
0
0
0
1
0
0
0
1
0
0
0
0
0
0
0
0
0
0
0
0
0
1
0
0
0
0
0
0
0
0
0
0
0
0
0
0
0
0
0
0
0
0
0
0
0
0
0
0
0
0
0
0
0
0
0
0
0
0
0
0
0
0
0
0
0
0
0
0
0
0
0
0
0
0
0
0
0
0
0
0
0
0
0
0
0
0
0
0
0
0
0
0
0
0
0
0
0
0
0
0
0
0
0
0
0
0
0
0
0
0
0
0
0
0
0
0
0
0
0
0
0
0
0
0
0
0
0
0
0
0
0
0
0
0
0
0
0
0
0
0
0
0
0
0
0
0
0
0
0
0
0
0
0
0
0
0
0
0
0
0
0
0
0
0
0
0
0
0
0
0
0
0
0
0
0
0
0
0
0
0
0
0
0
0
0
0
0
0
0
0
0
0
0
0
0
0
0
0
0
0
0
0
0
0
0
0
0
0
0
0
0
0
0
0
0
0
0
0
0
0
0
0
0
0
0
0
0
0
0
0
0
0
0
0
0
0
0
0
0
0
0
0
0
0
0
0
0
0
0
0
0
0
0
0
0
0
0
0
0
0
0
0
0
0
0
0
0
0
0
0
0
0
0
0
0
0
0
0
0
0
0
0
0
0
0
0
0
0
0
0
0
0
0
0
0
0
0
0
0
0
0
0
0
0
0
0
0
0
0
0
0
0
0
0
0
0
0
0
0
0
0
0
0
0
0
0
0
0
0
0
0
0
0
0
0
0
0
0
0
0
0
0
0
0
0
0
0
0
0
0
0
0
0
0
0
0
0
0
0
0
0
0
0
0
0
0
0
0
0
0
0
0
0
0
0
0
0
0
0
0
0
0
0
0
0
0
0
0
0
0
0
0
0
0
0
0
0
0
0
0
0
0
0
0
0
0
0
0
0
0
0
0
0
0
0
0
0
0
0
0
0
0
0
0
0
0
0
0
0
0
0
0
0
0
0
0
0
0
0
0
0
0
0
0
0
0
0
0
0
0
0
0
0
0
0
0
0
0
0
0
0
0
0
0
0
0
0
0
0
0
0
0
0
0
0
0
0
0
0
0
0
0
0
0
0
0
0
0
0
0
0
0
0
0
0
0
0
0
0
0
0
0
0
0
0
0
0
0
0
0
0
0
0
0
0
0
0
0
0
0
0
0
0
0
0
0
0
0
0
0
0
0
0
0
0
0
0
0
0
0
0
0
0
0
0
0
0
0
0
0
0
0
0
0
0
0
0
0
0
0
0
0
0
0
0
0
0
0
0
0
0
0
0
0
0
0
0
0
0
0
0
0
0
0
0
0
0
0
0
0
0
0
0
0
0
0
0
0
0
0
0
0
0
0
0
0
0
0
0
0
0
0
0
0
0
0
0
0
0
0
0
0
0
0
0
0
0
0
0
0
0
0
0
0
0
0
0
0
0
0
0
0
0
0
0
0
0
0
0
0
0
0
0
0
0
0
0
0
0
0
0
0
0
0
0
0
0
0
0
0
0
0
0
0
0
0
0
0
0
0
0
0
0
0
0
0
0
0
0
0
0
0
0
0
0
0
0
0
0
0
0
0
0
0
0
0
0
0
0
0
0
0
0
0
0
0
0
0
0
0
0
0
0
0
0
0
0
0
0
0
0
0
0
0
0
0
0
0
0
0
0
0
0
0
0
0
0
0
0
0
0
0
0
0
0
0
0
0
0
0
0
0
0
0
0
0
0
0
0
0
0
0
0
0
0
0
0
0
0
0
0
0
0
0
0
0
0
0
0
0
0
0
0
0
0
0
0
0
0
0
0
0
0
0
0
0
0
0
0
0
0
0
0
0
0
0
0
0
0
0
0
0
0
0
0
0
0
0
0
0
0
0
0
0
0
0
0
0
0
0
0
0
0
0
0
0
0
0
0
0
0
0
0
0
0
0
0
0
0
0
0
0
0
0
0
0
0
0
0
0
0
0
0
0
0
0
0
0
0
0
0
0
0
0
0
0
0
0
0
0
0
0
0
0
0
0
0
0
0
0
0
0
0
0
0
0
0
0
0
0
0
0
0
0
0
0
0
0
0
0
0
0
0
0
0
0
0
0
0
0
0
0
0
0
0
0
0
0
0
0
0
0
0
0
0
0
0
0
0
0
0
0
0
0
0
0
0
0
0
0
0
0
0
0
0
0
0
0
0
0
0
0
0
0
0
0
0
0
0
0
0
0
0
0
0
0
0
0
0
0
0
0
0
0
0
0
0
0
0
0
0
0
0
0
0
0
0
0
0
0
0
0
0
0
0
0
0
0
0
0
0
0
0
0
0
0
0
0
0
0
0
0
0
0
0
0
0
0
0
0
0
0
0
0
0
0
0
0
0
0
0
0
0
0
0
0
0
0
0
0
0
0
0
0
0
0
0
0
0
0
0
0
0
0
0
0
0
0
0
0
0
0
0
0
0
0
0
0
0
0
0
0
0
0
0
0
0
0
0
0
0
0
0
0
0
0
0
0
0
0
0
0
0
0
0
0
0
0
0
0
0
0
0
0
0
0
0
0
0
0
0
0
0
0
0
0
0
0
0
0
0
0
0
0
0
0
0
0
0
0
0
0
0
0
0
0
0
0
0
0
0
0
0
0
0
0
0
0
0
0
0
0
0
0
0
0
0
0
0
0
0
0
0
0
0
0
0
0
0
0
0
0
0
0
0
0
0
0
0
0
0
0
0
0
0
0
0
0
0
0
0
0
0
0
0
0
0
0
0
0
0
0
0
0
0
0
0
0
0
0
0
0
0
0
0
0
0
0
0
0
0
0
0
0
0
0
0
0
0
0
0
0
0
0
0
0
0
0
0
0
0
0
0
0
0
0
0
0
0
0
0
0
0
0
0
0
0
0
0
0
0
0
0
0
0
0
0
0
0
0
0
0
0
0
0
0
0
0
0
0
0
0
0
0
0
0
0
0
0
0
0
0
0
0
0
0
0
0
0
0
0
0
0
0
0
0
0
0
0
0
0
0
0
0
0
0
0
0
0
0
0
0
0
0
0
0
0
0
0
0
0
0
0
0
0
0
0
0
0
0
0
0
0
0
0
0
0
0
0
0
0
0
0
0
0
0
0
0
0
0
0
0
0
0
0
0
0
0
0
0
0
0
0
0
0
0
0
0
0
0
0
0
0
0
0
0
0
0
0
0
0
0
0
0
0
0
0
0
0
0
0
0
0
0
0
0
0
0
0
0
0
0
0
0
0
0
0
0
0
0
0
0
0
0
0
0
0
0
0
0
0
0
0
0
0
0
0
0
0
0
0
0
0
0
0
0
0
0
0
0
0
0
0
0
0
0
0
0
0
0
0
0
0
0
0
0
0
0
0
0
0
0
0
0
0
0
0
0
0
0
0
0
0
0
0
0
0
0
0
0
0
0
0
0
0
0
0
0
0
0
0
0
0
0
0
0
0
0
0
0
0
0
0
0
0
0
0
0
0
0
0
0
0
0
0
0
0
0
0
0
0
0
0
0
0
0
0
0
0
0
0
0
0
0
0
0
0
0
0
0
0
0
0
0
0
0
0
0
0
0
0
0
0
0
0
0
0
0
0
0
0
0
0
0
0
0
0
0
0
0
0
0
0
0
0
0
0
0
0
0
0
0
0
0
0
0
0
0
0
0
0
0
0
0
0
0
0
0
0
0
0
0
0
0
0
0
0
0
0
0
0
0
0
0
0
0
0
0
0
0
0
0
0
0
0
0
0
0
0
0
0
0
0
0
0
0
0
0
0
0
0
0
0
0
0
0
0
0
0
0
0
0
0
0
0
0
0
0
0
0
0
0
0
0
0
0
0
0
0
0
0
0
<<END>>
