0
0
0
0
0
0
0
0
0
0
0
0
0
0
0
0
0
0
0
0
0
0
682
7720
8285
6374
4665
3164
2308
1459
971
637
430
289
194
163
107
96
56
51
35
24
33
34
33
28
39
27
36
25
28
32
30
32
46
35
42
35
38
43
48
50
42
45
42
51
59
61
35
39
59
52
39
46
32
38
50
46
43
47
47
48
47
52
43
43
45
51
44
39
37
47
38
40
36
44
48
42
36
41
38
31
36
36
34
41
37
35
40
31
31
38
34
31
37
33
30
37
33
27
32
35
38
38
26
27
30
40
30
39
46
38
43
47
41
47
43
36
51
42
49
48
50
50
44
42
71
67
54
66
64
63
71
69
75
72
77
64
75
62
79
70
74
69
70
79
89
89
87
106
87
105
98
116
96
127
121
107
123
93
122
124
102
121
118
115
130
116
125
111
121
116
118
118
138
135
105
124
117
134
117
120
131
144
151
124
124
128
128
126
130
108
111
114
120
114
119
104
116
111
97
104
97
100
104
114
92
111
109
100
90
108
81
74
90
96
87
76
87
94
90
91
73
86
80
72
85
80
80
78
69
60
64
73
96
71
74
76
85
76
54
75
60
51
47
60
51
53
63
58
67
65
49
57
57
40
50
57
48
49
56
44
59
48
43
48
50
41
56
57
56
53
40
47
42
52
42
44
38
41
51
53
46
47
65
42
46
46
50
43
40
53
50
44
64
49
63
38
48
46
50
60
42
48
41
46
50
41
45
50
56
48
46
41
49
39
42
52
48
50
47
48
53
33
53
40
44
57
57
57
46
56
43
51
50
43
52
47
53
42
49
36
50
43
54
32
42
55
39
49
39
41
54
56
41
45
41
53
36
49
50
46
53
47
41
48
51
47
38
48
51
48
50
43
38
62
42
46
53
43
54
44
48
69
49
40
51
45
48
40
42
37
43
38
43
45
55
53
61
44
51
40
53
37
43
34
53
52
48
43
41
47
40
47
40
42
51
44
47
53
52
40
53
49
41
45
36
41
53
45
38
41
42
49
46
55
37
49
51
39
50
46
45
48
40
47
60
39
45
44
56
43
47
34
44
45
35
45
40
42
43
34
50
28
47
46
36
51
41
29
39
47
33
38
42
33
49
35
44
46
40
34
45
47
44
39
31
33
59
33
37
42
37
34
38
46
53
46
37
38
36
33
44
38
43
42
46
37
38
48
32
45
38
38
37
38
36
33
49
37
27
41
33
40
44
52
31
33
38
39
43
32
32
41
31
36
43
36
36
32
36
31
36
33
30
25
41
32
33
31
35
40
31
38
35
31
37
25
43
36
42
30
23
36
34
32
31
26
34
30
34
26
32
29
37
46
24
23
27
37
38
38
35
35
29
45
27
27
22
30
43
25
37
32
27
33
26
31
41
32
30
31
32
30
39
38
32
24
24
26
32
22
21
28
27
21
30
24
21
30
29
29
31
28
37
29
33
31
35
29
23
28
35
28
27
23
24
23
30
24
20
31
32
36
23
34
26
27
22
28
22
26
36
21
30
25
24
21
26
30
28
29
26
28
25
27
29
23
20
25
29
17
19
24
29
29
20
23
17
22
24
30
33
25
23
23
30
27
24
26
22
20
19
22
17
21
25
21
23
22
23
23
26
23
24
19
21
21
29
20
18
20
26
22
30
22
23
21
21
18
16
31
18
19
22
18
27
17
22
21
26
19
20
20
22
25
26
17
23
23
24
22
22
21
14
23
21
24
19
20
18
15
21
21
20
23
22
9
18
23
15
25
25
15
25
21
22
31
22
24
11
14
20
22
16
12
14
17
19
16
23
21
9
15
14
16
19
19
23
9
20
20
15
11
22
10
16
16
13
13
21
16
18
16
11
13
19
9
17
15
13
15
12
12
15
22
14
18
12
15
13
18
18
19
18
16
21
10
10
16
15
12
13
20
15
16
17
13
17
18
15
25
19
14
13
15
15
12
18
14
15
10
14
13
15
14
12
11
25
11
9
12
12
15
17
21
12
20
16
18
10
14
14
9
6
18
14
14
6
17
8
11
14
17
16
15
20
16
14
18
9
14
6
11
12
12
13
14
13
16
18
15
12
17
11
20
3
8
12
15
18
15
6
18
6
12
15
10
13
5
9
17
10
15
10
11
9
14
15
14
13
6
8
14
15
14
8
4
11
16
14
14
5
12
13
10
7
12
9
13
8
10
13
17
12
13
13
8
12
9
8
15
16
16
9
10
13
12
8
7
9
7
15
10
12
7
7
14
9
12
8
12
11
11
6
9
11
12
17
9
13
6
7
12
12
5
13
13
13
10
14
11
11
12
13
12
10
6
4
16
12
11
13
10
5
8
6
7
11
8
10
6
7
11
8
6
8
8
12
10
7
6
8
5
5
12
9
8
10
7
5
8
8
8
21
11
11
7
6
10
6
3
9
7
8
5
10
6
4
13
6
8
11
9
9
9
10
7
5
5
9
8
4
8
8
6
10
6
7
3
7
9
10
6
6
11
13
11
6
7
8
8
9
7
12
7
7
9
6
9
7
9
12
6
8
7
12
7
4
11
5
5
7
11
8
4
9
6
9
9
5
8
7
8
8
4
8
13
3
10
5
10
5
7
10
9
6
10
3
7
8
8
7
6
8
7
7
10
5
4
7
3
4
5
15
6
11
14
14
11
7
2
10
4
3
1
8
8
8
5
10
8
8
4
5
7
6
3
7
9
6
5
7
9
4
5
8
13
7
4
7
7
4
6
10
5
4
6
4
8
12
5
4
5
10
4
6
12
8
8
10
10
9
6
7
13
4
5
5
6
5
5
7
3
6
5
11
8
5
12
3
9
8
6
2
2
5
6
5
6
7
4
11
3
5
1
3
13
3
4
9
6
4
7
4
6
10
7
7
8
5
8
2
4
7
5
7
4
5
6
6
1
4
3
3
2
3
7
4
6
2
2
6
6
3
8
5
3
4
3
7
5
8
2
3
7
5
4
6
6
5
3
3
3
2
7
6
2
4
11
3
3
2
2
3
4
6
2
4
3
7
6
1
4
5
9
5
3
5
2
1
4
7
6
6
4
4
11
1
1
3
5
5
7
3
4
2
3
10
4
3
4
3
5
5
4
5
3
4
5
5
10
2
6
2
5
6
4
8
3
5
3
4
1
2
5
1
3
2
3
3
6
6
6
4
3
7
1
2
2
4
4
8
7
3
3
3
1
3
7
3
3
4
3
3
6
6
3
5
3
2
0
3
3
8
2
0
4
4
5
7
5
4
3
4
4
2
8
4
9
4
5
1
1
6
4
4
5
3
7
3
7
4
2
4
7
3
1
4
0
4
4
2
4
4
2
2
4
5
4
1
3
2
3
4
2
4
7
3
3
1
4
4
6
6
3
3
3
1
2
3
1
0
4
3
1
2
1
5
4
4
1
4
4
3
4
2
2
5
4
2
4
3
5
3
4
5
7
2
4
0
3
4
1
7
4
1
8
1
3
2
4
8
2
5
5
4
5
4
3
1
6
6
3
5
1
3
2
3
2
3
3
0
5
5
4
2
1
2
1
8
3
3
4
3
5
3
2
3
3
4
3
2
2
2
3
4
3
5
3
2
5
3
2
2
3
2
0
5
7
1
0
4
5
4
1
2
5
2
8
0
1
1
3
6
5
2
4
4
3
3
4
3
2
5
3
5
3
5
5
3
5
5
5
3
3
2
3
5
6
2
3
3
5
4
3
2
3
2
4
6
2
2
2
2
5
6
1
3
2
0
4
2
4
4
5
1
3
0
4
2
6
3
1
4
2
4
2
3
2
2
3
1
4
5
2
2
1
2
2
4
1
3
4
1
4
2
3
3
1
4
4
3
5
5
3
2
2
3
4
5
1
1
5
1
6
3
0
4
2
5
1
4
4
3
0
2
1
4
6
4
3
2
2
2
4
2
5
1
3
3
3
4
3
5
3
1
3
4
0
1
6
3
3
2
0
0
3
3
2
4
1
6
3
1
1
4
0
1
2
3
1
4
3
3
2
2
2
1
2
0
4
3
1
4
4
1
3
2
5
6
3
2
3
4
1
4
1
1
4
2
0
1
1
2
2
3
1
5
3
2
6
3
4
3
4
1
1
2
4
3
5
1
1
3
2
1
2
3
4
4
4
5
1
0
1
1
3
3
3
4
7
2
0
2
3
2
2
1
2
1
3
4
1
1
5
4
1
0
1
1
2
3
2
3
4
1
3
3
1
3
2
1
2
2
1
1
3
3
2
3
4
2
1
1
3
0
1
3
4
5
7
1
2
2
1
4
0
3
1
1
2
4
4
5
4
3
2
3
1
2
2
3
1
1
1
3
3
3
3
4
2
1
2
3
1
3
3
3
3
4
2
3
4
1
3
4
5
2
0
2
3
3
0
3
1
4
3
2
4
2
4
0
3
3
3
0
1
2
0
3
1
1
3
2
3
3
7
2
2
3
2
4
3
2
4
2
5
5
2
2
3
3
2
0
3
1
1
3
2
3
1
5
4
1
1
2
2
3
0
3
4
1
4
1
3
1
0
3
2
2
1
3
0
5
4
4
3
2
3
2
1
2
3
1
1
2
5
0
5
4
2
2
2
3
4
2
3
1
5
2
3
3
4
3
0
6
5
2
0
4
2
3
2
1
4
1
2
5
1
2
6
3
5
2
2
2
3
0
3
2
3
4
2
2
5
1
4
2
2
6
6
4
4
4
4
6
9
1
4
3
3
5
1
1
4
3
4
2
7
2
3
2
2
1
3
6
5
3
3
6
6
2
2
3
6
6
3
0
6
4
6
5
10
4
5
5
4
8
3
2
2
5
5
4
2
5
5
4
2
6
5
4
7
5
7
5
9
3
8
7
3
8
9
2
7
4
10
5
6
5
6
4
7
2
4
2
8
4
6
7
5
3
5
5
2
7
6
5
9
4
11
9
2
13
4
9
6
9
4
4
6
14
13
8
9
5
8
10
11
7
7
12
11
13
5
12
8
10
11
13
17
17
7
7
7
11
11
14
16
10
12
11
17
10
13
11
12
8
14
18
10
14
16
19
14
18
17
16
10
25
15
9
25
14
19
14
23
22
20
29
23
18
20
20
27
20
17
28
28
31
19
21
33
29
27
31
32
20
34
24
41
17
22
35
34
38
43
39
29
40
41
32
32
29
35
41
40
36
30
30
30
26
20
20
20
19
14
8
12
11
7
14
6
4
5
4
3
2
1
0
1
0
1
1
0
1
0
0
0
1
1
0
1
0
0
0
1
0
0
0
0
0
0
0
0
0
0
0
0
0
0
0
0
0
0
1
0
0
0
1
0
0
0
0
1
0
0
0
1
0
0
0
0
0
0
0
0
0
0
0
0
0
0
0
0
0
0
0
0
0
0
0
0
0
0
0
0
0
0
0
0
0
0
0
0
0
0
0
0
0
0
0
0
0
0
0
0
0
0
0
0
0
0
0
0
0
0
0
0
0
0
0
0
0
0
0
0
0
0
0
0
0
0
1
0
0
0
0
0
0
0
0
0
0
0
0
0
0
0
0
0
0
0
0
0
0
0
0
0
0
0
0
0
0
0
0
0
0
0
0
0
0
0
0
0
0
0
0
0
0
0
0
0
0
0
0
0
0
0
0
0
0
0
0
0
0
0
0
0
0
0
0
0
0
0
0
0
0
0
0
0
0
0
0
0
0
0
0
0
0
0
0
0
0
0
0
0
0
0
0
0
0
0
0
0
0
0
0
0
0
0
0
0
0
0
0
0
0
0
0
0
0
0
0
0
0
0
0
0
0
0
0
0
0
0
0
0
0
0
0
0
0
0
0
0
0
0
0
0
0
0
0
0
0
0
0
0
0
0
0
0
0
0
0
0
0
0
0
0
0
0
0
0
0
0
0
0
0
0
0
0
0
0
0
0
0
0
0
0
0
0
0
0
0
0
0
0
0
0
0
0
0
0
0
0
0
0
0
0
0
0
0
0
0
0
0
0
0
0
0
0
0
0
0
0
0
0
0
0
0
0
0
0
0
0
0
0
0
0
0
0
0
0
0
0
0
0
0
0
0
0
0
0
0
0
0
0
0
0
0
0
0
0
0
0
0
0
0
0
0
0
0
0
0
0
0
0
0
0
0
0
0
0
0
0
0
0
0
0
0
0
0
0
0
0
0
0
0
0
0
0
0
0
0
0
0
0
0
0
0
0
0
0
0
0
0
0
0
0
0
0
0
0
0
0
0
0
0
0
0
0
0
0
0
0
0
0
0
0
0
0
0
0
0
0
0
0
0
0
0
0
0
0
0
0
0
0
0
0
0
0
0
0
0
0
0
0
0
0
0
0
0
0
0
0
0
0
0
0
0
0
0
0
0
0
0
0
0
0
0
0
0
0
0
0
0
0
0
0
0
0
0
0
0
0
0
0
0
0
0
0
0
0
0
0
0
0
0
0
0
0
0
0
0
0
0
0
0
0
0
0
0
0
0
0
0
0
0
0
0
0
0
0
0
0
0
0
0
0
0
0
0
0
0
0
0
0
0
0
0
0
0
0
0
0
0
0
0
0
0
0
0
0
0
0
0
0
0
0
0
0
0
0
0
0
0
0
0
0
0
0
0
0
0
0
0
0
0
0
0
0
0
0
0
0
0
0
0
0
0
0
0
0
0
0
0
0
0
0
0
0
0
0
0
0
0
0
0
0
0
0
0
0
0
0
0
0
0
0
0
0
0
0
0
0
0
0
0
0
0
0
0
0
0
0
0
0
0
0
0
0
0
0
0
0
0
0
0
0
0
0
0
0
0
0
0
0
0
0
0
0
0
0
0
0
0
0
0
0
0
0
0
0
0
0
0
0
0
0
0
0
0
0
0
0
0
0
0
0
0
0
0
0
0
0
0
0
0
0
0
0
0
0
0
0
0
0
0
0
0
0
0
0
0
0
0
0
0
0
0
0
0
0
0
0
0
0
0
0
0
0
0
0
0
0
0
0
0
0
0
0
0
0
0
0
0
0
0
0
0
0
0
0
0
0
0
0
0
0
0
0
0
0
0
0
0
0
0
0
0
0
0
0
0
0
0
0
0
0
0
0
0
0
0
0
0
0
0
0
0
0
0
0
0
0
0
0
0
0
0
0
0
0
0
0
0
0
0
0
0
0
0
0
0
0
0
0
0
0
0
0
0
0
0
0
0
0
0
0
0
0
0
0
0
0
0
0
0
0
0
0
0
0
0
0
0
0
0
0
0
0
0
0
0
0
0
0
0
0
0
0
0
0
0
0
0
0
0
0
0
0
0
0
0
0
0
0
0
0
0
0
0
0
0
0
0
0
0
0
0
0
0
0
0
0
0
0
0
0
0
0
0
0
0
0
0
0
0
0
0
0
0
0
0
0
0
0
0
0
0
0
0
0
0
0
0
0
0
0
0
0
0
0
0
0
0
0
0
0
0
0
0
0
0
0
0
0
0
0
0
0
0
0
0
0
0
0
0
0
0
0
0
0
0
0
0
0
0
0
0
0
0
0
0
0
0
0
0
0
0
0
0
0
0
0
0
0
0
0
0
0
0
0
0
0
0
0
0
0
0
0
0
0
0
0
0
0
0
0
0
0
0
0
0
0
0
0
0
0
0
0
0
0
0
0
0
0
0
0
0
0
0
0
0
0
0
0
0
0
0
0
0
0
0
0
0
0
0
0
0
0
0
0
0
0
0
0
0
0
0
0
0
0
0
0
0
0
0
0
0
0
0
0
0
0
0
0
0
0
0
0
0
0
0
0
0
0
0
0
0
0
0
0
0
0
0
0
0
0
0
0
0
0
0
0
0
0
0
0
0
0
0
0
0
0
0
0
0
0
0
0
0
0
0
0
0
0
0
0
0
0
0
0
0
0
0
0
0
0
0
0
0
0
0
0
0
0
0
0
0
0
0
0
0
0
0
0
0
0
0
0
0
0
0
0
0
0
0
0
0
0
0
0
0
0
0
0
0
0
0
0
0
0
0
0
0
0
0
0
0
0
0
0
0
0
0
0
0
0
0
0
0
0
0
0
0
0
0
0
0
0
0
0
0
0
0
0
0
0
0
0
0
0
0
0
0
0
0
0
0
0
0
0
0
0
0
0
0
0
0
0
0
0
0
0
0
0
0
0
0
0
0
0
0
0
0
0
0
0
0
0
0
0
0
0
0
0
0
0
0
0
0
0
0
0
0
0
0
0
0
0
0
0
0
0
0
0
0
0
0
0
0
0
0
0
0
0
0
0
0
0
0
0
0
0
0
0
0
0
0
0
0
0
0
0
0
0
0
0
0
0
0
0
0
0
0
0
0
0
0
0
0
0
0
0
0
0
0
0
0
0
0
0
0
0
0
0
0
0
0
0
0
0
0
0
0
0
0
0
0
0
0
0
0
0
0
0
0
0
0
0
0
0
0
0
0
0
0
0
0
0
0
0
0
0
0
0
0
0
0
0
0
0
0
0
0
0
0
0
0
0
0
0
0
0
0
0
0
0
0
0
0
0
0
0
0
0
0
0
0
0
0
0
0
0
0
0
0
0
0
0
0
0
0
0
0
0
0
0
0
0
0
0
0
0
0
0
0
0
0
0
0
0
0
0
0
0
0
0
0
0
0
0
0
0
0
0
0
0
0
0
0
0
0
0
0
0
0
0
0
0
0
0
0
0
0
0
0
0
0
0
0
0
0
0
0
0
0
0
0
0
0
0
0
0
0
0
0
0
0
0
0
0
0
0
0
0
0
0
0
0
0
0
0
0
0
0
0
0
0
0
0
0
0
0
0
0
0
0
0
0
0
0
0
0
0
0
0
0
0
0
0
0
0
0
0
0
0
0
0
0
0
0
0
0
0
0
0
0
0
0
0
0
0
0
0
0
0
0
0
0
0
0
0
0
0
0
0
0
0
0
0
0
0
0
0
0
0
0
0
0
0
0
0
0
0
0
0
0
0
0
0
0
0
0
0
0
0
0
0
0
0
0
0
0
0
0
0
0
0
0
0
0
0
0
0
0
0
0
0
0
0
0
0
0
0
0
0
0
0
0
0
0
0
0
0
0
0
0
0
0
0
0
0
0
0
0
0
0
0
0
0
0
0
0
0
0
0
0
0
0
0
0
0
0
0
0
0
0
0
0
0
0
0
0
0
0
0
0
0
0
0
0
0
0
0
0
0
0
0
0
0
0
0
0
0
0
0
0
0
0
0
0
0
0
0
0
0
0
0
0
0
0
0
0
0
0
0
0
0
0
0
0
0
0
<<END>>
