0
0
0
0
0
0
0
0
0
0
0
0
0
0
0
0
0
0
0
0
0
0
769
8650
9429
7097
5174
3834
2537
1652
1181
757
537
327
244
181
129
93
73
44
52
53
38
43
49
43
51
56
65
53
63
49
58
62
61
69
61
60
64
55
78
74
70
65
88
69
67
72
70
78
59
79
69
71
73
90
68
72
85
68
78
71
73
72
80
62
63
68
59
63
71
55
66
67
55
62
54
50
64
57
58
51
72
57
59
73
53
48
71
69
62
65
54
54
71
64
59
76
84
59
73
73
84
79
77
90
87
85
82
103
99
111
106
128
112
132
112
120
138
134
146
150
134
167
155
166
182
169
187
191
188
190
210
223
206
191
227
204
202
228
215
204
237
238
243
221
246
232
243
244
226
240
270
266
257
240
255
245
239
231
249
253
231
260
245
228
222
226
228
233
215
213
234
220
224
207
191
192
206
188
188
185
200
187
187
174
163
149
141
170
150
122
131
133
127
132
124
125
111
100
107
90
114
85
89
100
101
82
80
75
69
70
74
90
60
74
58
65
70
63
71
65
62
52
59
68
73
50
46
51
55
53
45
63
53
47
37
43
57
43
42
55
50
47
44
48
53
47
45
44
55
55
55
45
46
46
49
48
44
59
44
36
42
40
45
52
51
45
56
43
39
54
40
56
50
53
38
39
35
28
49
52
42
49
61
56
56
44
66
45
40
49
53
55
58
50
55
56
44
55
43
64
52
45
49
51
47
45
46
45
44
43
47
49
49
41
51
49
53
44
54
44
45
47
50
47
51
50
43
46
54
42
62
43
58
40
51
48
48
40
49
51
49
49
56
39
40
49
42
41
46
55
43
46
58
47
44
66
40
49
47
65
51
54
57
41
49
60
52
38
47
49
48
44
50
53
47
43
49
44
44
42
58
60
66
59
45
43
50
49
45
46
41
47
48
44
53
54
58
40
60
43
44
54
43
47
48
41
58
56
50
40
36
55
53
38
44
56
61
30
52
34
45
37
39
44
47
52
48
45
44
42
55
46
38
45
50
40
51
45
37
41
51
39
44
44
42
42
50
61
41
50
48
36
57
36
46
45
54
45
51
59
42
40
39
30
34
44
46
39
42
48
51
46
56
43
44
45
40
42
41
40
43
31
39
39
40
47
45
37
40
47
45
40
33
44
33
55
36
38
39
39
35
33
42
54
41
53
34
36
43
43
44
37
38
39
32
39
29
30
37
32
32
37
31
29
38
40
42
32
42
28
30
43
34
28
29
37
38
29
32
21
27
37
22
35
26
30
34
39
31
37
36
33
31
37
31
32
36
38
30
23
26
32
31
32
38
29
39
35
26
30
33
26
28
36
22
32
22
32
22
18
24
33
33
28
30
27
32
32
23
17
32
38
32
26
30
33
32
32
33
18
23
28
37
38
34
21
19
20
18
29
22
28
31
33
22
29
30
31
33
33
28
19
24
30
27
29
24
25
28
24
25
25
27
22
18
20
23
22
15
28
30
28
21
31
32
13
28
23
31
28
29
21
18
29
19
27
22
23
25
26
25
24
23
17
27
29
19
23
17
22
23
29
22
22
15
25
17
18
26
19
18
16
25
21
21
20
27
28
28
18
20
25
18
19
26
20
29
21
20
15
14
20
16
22
19
26
23
27
23
15
11
24
18
18
15
20
17
21
17
10
17
19
20
24
20
20
22
15
23
20
16
17
18
19
26
28
24
28
14
18
12
14
20
18
17
14
16
23
28
21
18
20
23
16
14
23
23
10
18
17
21
21
17
17
20
20
23
11
12
19
17
11
19
16
20
14
15
17
19
17
16
15
16
16
20
12
19
23
13
13
22
15
14
25
19
19
8
16
12
15
21
10
13
9
17
13
21
19
21
14
16
13
11
10
9
14
10
17
16
18
21
17
12
20
14
9
12
17
15
24
11
14
19
13
11
9
7
18
11
13
17
12
17
8
11
13
15
15
12
13
11
14
9
9
11
12
11
10
15
12
23
11
11
15
11
16
9
11
9
9
7
14
10
20
17
6
13
14
10
10
12
10
12
11
10
8
9
10
5
10
10
11
12
9
12
10
7
12
3
12
10
12
12
12
9
13
7
11
14
13
14
15
12
20
14
10
5
16
12
11
8
15
13
16
9
9
17
12
10
10
5
10
10
13
11
9
6
12
13
13
12
6
4
9
12
10
14
6
9
10
12
8
10
11
10
11
10
6
8
9
9
10
16
14
9
6
7
12
10
21
8
6
7
10
13
14
15
6
8
10
10
14
4
9
8
10
12
10
9
13
11
6
11
5
6
6
6
5
9
6
11
7
4
12
8
5
9
10
8
10
9
5
9
6
12
12
10
8
10
13
8
8
7
8
11
15
7
6
15
7
5
11
10
4
7
7
10
7
6
6
11
6
5
10
5
10
8
9
7
4
11
10
6
11
12
14
7
8
8
9
12
5
9
13
13
5
10
4
8
11
6
5
11
8
5
12
8
8
8
4
10
6
5
5
4
6
8
8
7
3
3
7
12
8
7
12
6
8
7
8
10
9
6
6
3
5
4
6
7
7
5
6
6
5
10
5
5
7
8
6
7
6
4
7
4
10
8
6
5
6
6
9
7
9
7
9
12
6
3
4
8
6
6
3
9
6
7
10
4
10
11
4
5
3
6
8
5
5
8
0
6
7
8
10
3
3
7
7
10
6
6
8
6
6
5
3
6
6
4
7
10
4
9
3
4
3
3
8
5
10
6
5
3
1
3
9
7
5
2
4
2
4
8
5
5
4
3
7
3
2
6
3
7
2
4
7
8
7
8
7
2
5
5
10
8
7
5
2
4
6
7
6
10
1
5
5
4
3
6
4
4
4
3
7
2
3
7
2
3
3
6
6
7
5
5
1
2
6
2
4
2
2
7
6
6
3
6
6
5
3
2
2
3
4
5
3
3
1
5
4
0
1
5
4
4
4
6
2
7
5
4
7
5
4
2
2
2
3
3
7
8
5
5
4
4
6
5
3
1
4
9
4
2
5
7
4
5
5
7
6
3
3
7
0
3
4
2
6
12
4
4
4
2
6
6
6
6
2
4
5
5
4
10
4
4
3
1
6
3
6
0
7
2
4
3
6
3
4
8
6
4
7
2
1
3
1
3
6
1
6
6
2
9
6
2
6
7
4
4
5
5
4
3
2
3
6
3
4
3
1
3
4
1
5
6
1
5
2
3
3
1
5
3
5
1
5
3
4
3
0
3
3
3
3
4
8
3
4
9
9
2
4
6
5
4
0
2
2
9
4
4
2
1
3
4
4
2
5
5
3
1
2
1
5
1
2
0
5
4
1
2
6
3
0
2
2
4
4
4
5
2
2
6
4
3
1
3
2
2
5
1
4
4
7
1
3
2
2
3
2
6
0
5
4
3
2
0
5
5
5
2
4
6
7
4
4
6
2
4
4
5
2
1
1
3
4
2
1
3
2
3
5
1
4
3
8
5
3
5
4
3
2
3
2
2
2
4
2
1
0
7
2
1
4
11
5
8
2
10
3
1
3
5
5
7
2
2
1
1
2
6
4
0
2
3
5
4
3
2
4
0
2
3
5
3
2
2
4
2
5
4
3
3
3
4
3
2
1
3
4
1
5
4
2
6
2
2
2
7
4
1
3
2
7
8
5
4
4
2
4
1
4
4
3
4
3
5
4
1
4
2
3
0
0
3
4
2
4
3
2
4
4
2
3
0
6
4
0
2
4
3
4
4
4
1
2
2
2
5
5
4
2
1
5
5
2
3
1
3
3
2
3
2
2
2
4
3
0
2
2
2
4
1
8
1
5
5
2
1
1
2
6
4
0
3
3
3
1
1
4
3
0
5
3
2
2
1
1
4
0
5
3
3
3
1
3
5
1
1
4
4
1
1
4
1
2
1
5
3
3
3
2
1
4
0
0
6
2
4
3
5
3
0
2
3
2
1
2
3
2
1
1
2
6
3
2
2
2
2
3
1
4
3
4
3
3
3
3
2
4
2
4
4
6
3
2
3
4
4
1
2
3
0
3
2
1
4
1
1
3
4
4
1
1
2
4
3
2
1
2
3
3
2
1
3
2
1
0
1
6
4
0
1
0
3
4
3
2
3
4
2
1
0
3
2
1
1
1
5
2
3
3
2
2
5
2
8
3
3
1
1
5
1
3
3
4
3
2
1
2
2
2
3
0
4
5
2
2
3
4
3
4
1
7
4
6
1
3
5
3
3
4
2
0
1
1
6
1
1
4
2
2
1
3
4
2
2
3
5
2
1
3
2
2
4
0
3
5
3
1
3
2
4
6
6
6
2
4
4
3
1
1
3
0
0
1
4
2
4
2
1
2
3
2
0
1
5
0
4
3
4
2
1
2
1
5
0
3
4
2
3
1
2
1
2
3
2
3
3
2
2
4
3
1
2
2
1
5
3
4
2
1
1
2
4
0
3
2
2
3
5
3
0
0
2
4
3
2
2
2
0
0
4
1
2
2
0
3
2
2
1
1
0
0
0
2
1
1
1
2
1
1
4
3
1
2
1
0
2
2
0
1
5
3
1
4
2
2
1
1
2
3
0
1
2
2
2
2
2
2
2
1
3
1
2
3
1
3
1
1
2
2
2
4
2
3
4
1
2
2
4
1
2
4
4
0
2
3
3
3
0
4
1
3
1
2
5
1
7
6
3
2
1
0
3
1
2
1
5
2
3
1
5
2
0
5
2
3
5
2
1
5
3
5
3
4
5
2
2
1
2
3
5
2
1
4
8
7
2
3
5
1
2
0
4
9
2
1
7
7
5
4
2
6
1
1
6
5
7
6
2
5
4
11
4
4
5
9
3
6
5
1
6
3
8
4
1
4
6
3
2
7
3
5
7
2
1
8
3
7
8
7
4
10
11
2
6
8
9
3
6
6
9
6
4
4
6
6
7
5
7
9
12
6
4
5
6
7
9
8
3
6
5
8
9
5
9
11
5
13
9
5
10
10
16
7
7
6
10
10
12
17
9
16
10
12
9
7
17
16
9
10
15
9
9
8
11
8
11
16
14
13
12
9
14
11
7
10
16
16
21
20
15
17
17
22
22
19
23
16
18
20
21
14
27
13
16
31
28
22
28
24
26
24
29
32
32
23
26
20
20
26
23
40
20
20
41
32
42
37
35
31
27
27
42
30
28
28
31
23
20
33
19
22
16
11
15
14
16
11
9
8
7
9
1
5
4
5
0
3
2
1
1
1
1
0
0
1
0
0
0
0
0
0
0
0
0
0
0
0
0
0
0
0
0
0
1
0
0
1
0
0
0
1
0
0
0
0
0
0
0
0
0
0
0
0
0
0
0
0
0
0
0
0
0
0
1
0
0
0
0
0
0
0
0
0
0
0
0
0
0
0
0
0
0
0
0
0
0
0
0
0
0
0
0
0
0
0
0
0
0
0
0
0
0
0
0
0
0
0
0
0
0
0
0
0
0
0
0
0
0
0
0
0
0
0
0
0
0
0
0
0
0
0
0
0
0
0
0
0
0
0
0
0
0
0
0
0
0
0
0
0
0
0
0
0
0
0
0
0
0
0
0
0
0
0
0
0
0
0
0
0
0
0
0
0
0
0
0
0
0
0
0
0
0
0
0
0
0
0
0
0
0
0
0
0
0
0
0
0
0
0
0
0
0
0
0
0
0
0
0
0
0
0
0
0
0
0
0
0
0
0
0
0
0
0
0
0
0
0
0
0
0
0
0
0
0
0
0
0
0
0
0
0
0
0
0
0
0
0
0
0
0
0
0
0
0
0
0
0
0
0
0
0
0
0
0
0
0
0
0
0
0
0
0
0
0
0
0
0
0
0
0
0
0
0
0
0
0
0
0
0
0
0
0
0
0
0
0
0
0
0
0
0
0
0
0
0
0
0
0
0
0
0
0
0
0
0
0
0
0
0
0
0
0
0
0
0
0
0
0
0
0
0
0
0
0
0
0
0
0
0
0
0
0
0
0
0
0
0
0
0
0
0
0
0
0
0
0
0
0
0
0
0
0
0
0
0
0
0
0
0
0
0
0
0
0
0
0
0
0
0
0
0
0
0
0
0
0
0
0
0
0
0
0
0
0
0
0
0
0
0
0
0
0
0
0
0
0
0
0
0
0
0
0
0
0
0
0
0
0
0
0
0
0
0
0
0
0
0
0
0
0
0
0
0
0
0
0
0
0
0
0
0
0
0
0
0
0
0
0
0
0
0
0
0
0
0
0
0
0
0
0
0
0
0
0
0
0
0
0
0
0
0
0
0
0
0
0
0
0
0
0
0
0
0
0
0
0
0
0
0
0
0
0
0
0
0
0
0
0
0
0
0
0
0
0
0
0
0
0
0
0
0
0
0
0
0
0
0
0
0
0
0
0
0
0
0
0
0
0
0
0
0
0
0
0
0
0
0
0
0
0
0
0
0
0
0
0
0
0
0
0
0
0
0
0
0
0
0
0
0
0
0
0
0
0
0
0
0
0
0
0
0
0
0
0
0
0
0
0
0
0
0
0
0
0
0
0
0
0
0
0
0
0
0
0
0
0
0
0
0
0
0
0
0
0
0
0
0
0
0
0
0
0
0
0
0
0
0
0
0
0
0
0
0
0
0
0
0
0
0
0
0
0
0
0
0
0
0
0
0
0
0
0
0
0
0
0
0
0
0
0
0
0
0
0
0
0
0
0
0
0
0
0
0
0
0
0
0
0
0
0
0
0
0
0
0
0
0
0
0
0
0
0
0
0
0
0
0
0
0
0
0
0
0
0
0
0
0
0
0
0
0
0
0
0
0
0
0
0
0
0
0
0
0
0
0
0
0
0
0
0
0
0
0
0
0
0
0
0
0
0
0
0
0
0
0
0
0
0
0
0
0
0
0
0
0
0
0
0
0
0
0
0
0
0
0
0
0
0
0
0
0
0
0
0
0
0
0
0
0
0
0
0
0
0
0
0
0
0
0
0
0
0
0
0
0
0
0
0
0
0
0
0
0
0
0
0
0
0
0
0
0
0
0
0
0
0
0
0
0
0
0
0
0
0
0
0
0
0
0
0
0
0
0
0
0
0
0
0
0
0
0
0
0
0
0
0
0
0
0
0
0
0
0
0
0
0
0
0
0
0
0
0
0
0
0
0
0
0
0
0
0
0
0
0
0
0
0
0
0
0
0
0
0
0
0
0
0
0
0
0
0
0
0
0
0
0
0
0
0
0
0
0
0
0
0
0
0
0
0
0
0
0
0
0
0
0
0
0
0
0
0
0
0
0
0
0
0
0
0
0
0
0
0
0
0
0
0
0
0
0
0
0
0
0
0
0
0
0
0
0
0
0
0
0
0
0
0
0
0
0
0
0
0
0
0
0
0
0
0
0
0
0
0
0
0
0
0
0
0
0
0
0
0
0
0
0
0
0
0
0
0
0
0
0
0
0
0
0
0
0
0
0
0
0
0
0
0
0
0
0
0
0
0
0
0
0
0
0
0
0
0
0
0
0
0
0
0
0
0
0
0
0
0
0
0
0
0
0
0
0
0
0
0
0
0
0
0
0
0
0
0
0
0
0
0
0
0
0
0
0
0
0
0
0
0
0
0
0
0
0
0
0
0
0
0
0
0
0
0
0
0
0
0
0
0
0
0
0
0
0
0
0
0
0
0
0
0
0
0
0
0
0
0
0
0
0
0
0
0
0
0
0
0
0
0
0
0
0
0
0
0
0
0
0
0
0
0
0
0
0
0
0
0
0
0
0
0
0
0
0
0
0
0
0
0
0
0
0
0
0
0
0
0
0
0
0
0
0
0
0
0
0
0
0
0
0
0
0
0
0
0
0
0
0
0
0
0
0
0
0
0
0
0
0
0
0
0
0
0
0
0
0
0
0
0
0
0
0
0
0
0
0
0
0
0
0
0
0
0
0
0
0
0
0
0
0
0
0
0
0
0
0
0
0
0
0
0
0
0
0
0
0
0
0
0
0
0
0
0
0
0
0
0
0
0
0
0
0
0
0
0
0
0
0
0
0
0
0
0
0
0
0
0
0
0
0
0
0
0
0
0
0
0
0
0
0
0
0
0
0
0
0
0
0
0
0
0
0
0
0
0
0
0
0
0
0
0
0
0
0
0
0
0
0
0
0
0
0
0
0
0
0
0
0
0
0
0
0
0
0
0
0
0
0
0
0
0
0
0
0
0
0
0
0
0
0
0
0
0
0
0
0
0
0
0
0
0
0
0
0
0
0
0
0
0
0
0
0
0
0
0
0
0
0
0
0
0
0
0
0
0
0
0
0
0
0
0
0
0
0
0
0
0
0
0
0
0
0
0
0
0
0
0
0
0
0
0
0
0
0
0
0
0
0
0
0
0
0
0
0
0
0
0
0
0
0
0
0
0
0
0
0
0
0
0
0
0
0
0
0
0
0
0
0
0
0
0
0
0
0
0
0
0
0
0
0
0
0
0
0
0
0
0
0
0
0
0
0
0
0
0
0
0
0
0
0
0
0
0
0
0
0
0
0
0
0
0
0
0
0
0
0
0
0
0
0
0
0
0
0
0
0
0
0
0
0
0
0
0
0
0
0
0
0
0
0
0
0
0
0
0
0
0
0
0
0
0
0
0
0
0
0
0
0
0
0
0
0
0
0
0
0
0
0
0
0
0
0
0
0
0
0
0
0
0
0
0
0
0
0
0
0
0
0
0
0
0
0
0
0
0
0
0
0
0
0
0
0
0
0
0
0
0
0
0
0
0
0
0
0
0
0
0
0
0
0
0
0
0
0
0
0
0
0
0
0
0
0
0
0
0
0
0
0
0
0
0
0
0
0
0
0
0
0
0
0
0
0
0
0
0
0
0
0
0
0
0
0
0
0
0
0
0
0
0
0
0
0
0
0
0
0
0
0
0
0
0
0
0
0
0
0
0
0
0
0
0
0
0
0
0
0
0
0
0
0
0
0
0
0
0
0
0
0
0
0
0
0
0
0
0
0
0
0
0
0
0
0
0
0
0
0
0
0
0
0
0
0
0
0
0
0
0
0
0
0
0
0
0
0
0
0
0
0
0
0
0
0
0
0
0
0
0
0
0
0
0
0
0
0
0
0
0
0
0
0
0
0
0
0
0
0
0
0
0
0
0
0
0
0
0
0
0
0
0
0
0
0
0
0
0
0
0
0
0
0
0
0
0
0
0
0
0
0
0
0
0
0
0
0
0
0
0
0
0
0
0
0
0
0
0
0
0
0
0
0
0
0
0
0
0
<<END>>
