0
0
0
0
0
0
0
0
0
0
0
0
0
0
0
0
0
0
0
0
0
0
865
8397
8921
6990
4713
3361
2259
1655
1045
762
465
317
239
162
128
101
78
64
63
75
65
62
61
50
68
48
75
60
63
81
66
86
66
86
84
69
79
81
86
80
104
87
90
106
96
106
90
86
93
109
93
96
102
83
102
95
76
100
77
98
98
99
89
88
86
90
99
74
82
75
73
89
66
82
67
85
83
75
80
69
61
93
74
58
78
84
78
68
55
85
78
80
85
72
78
77
80
75
77
73
89
80
95
93
105
83
115
90
112
107
100
131
135
122
131
137
144
176
149
148
179
158
180
199
196
207
201
193
230
203
255
218
247
241
271
264
266
279
254
276
261
272
298
312
297
312
320
314
332
318
295
333
315
352
347
364
335
356
343
341
309
294
328
317
343
341
327
332
333
337
348
326
347
318
314
306
267
264
301
266
300
270
301
269
265
267
237
233
244
235
202
218
218
192
220
216
198
221
202
178
197
159
159
176
151
156
144
141
135
120
126
120
117
117
98
104
97
96
103
85
77
83
78
90
76
78
68
57
79
68
68
58
51
55
63
62
72
62
56
56
55
48
73
49
45
53
57
44
55
38
42
41
52
43
46
37
52
53
50
44
47
49
41
56
56
45
39
52
44
42
42
36
48
49
48
38
43
43
33
39
52
40
37
42
37
51
41
44
49
51
38
45
54
39
49
60
42
53
40
57
55
41
47
37
53
42
42
49
36
36
46
50
50
50
38
38
47
50
40
53
38
40
57
52
42
40
35
41
40
52
42
56
37
32
44
49
42
47
51
29
61
35
58
43
46
54
41
42
47
58
47
42
43
52
48
50
46
51
52
51
50
48
44
53
56
48
43
54
49
44
53
50
47
48
36
63
53
49
48
50
63
38
58
51
51
53
46
47
54
58
53
58
49
39
36
58
42
50
47
50
57
42
48
48
44
48
47
41
46
55
43
51
42
47
55
52
51
43
30
45
56
45
44
38
53
44
47
37
45
51
60
49
42
59
52
43
30
48
47
45
49
42
54
36
44
48
31
34
50
34
45
47
41
34
37
49
44
49
40
33
48
41
33
46
50
50
43
44
30
41
36
50
43
34
45
46
45
36
38
36
40
51
41
37
42
49
40
40
42
51
34
32
28
52
44
40
32
45
52
45
44
43
40
38
44
45
39
42
25
38
46
41
34
42
46
36
41
34
51
36
29
42
41
28
39
33
32
37
38
28
40
45
32
51
40
39
41
26
40
33
33
28
31
31
25
30
34
40
37
31
36
44
39
34
33
32
31
30
37
30
28
40
27
32
31
33
26
30
35
28
30
35
40
35
36
31
26
39
35
35
37
32
30
34
24
35
28
31
29
35
30
28
33
24
27
32
30
23
32
39
26
32
29
25
31
19
40
29
27
21
26
30
34
24
28
34
29
29
36
24
28
26
27
35
33
24
26
27
21
24
28
29
22
26
34
20
30
22
26
20
29
24
23
25
25
28
26
16
29
25
26
23
23
31
35
26
24
29
28
25
18
33
26
16
26
35
21
27
25
29
28
23
24
24
23
33
17
17
28
18
27
26
25
21
24
24
21
25
26
16
21
35
29
22
30
22
18
22
22
22
31
21
22
24
28
24
16
21
19
30
24
13
22
23
23
25
16
26
24
20
19
21
21
16
26
17
27
22
26
23
16
16
20
31
26
23
28
20
19
24
27
26
20
23
26
14
13
24
14
15
17
21
20
17
27
17
25
21
17
16
25
21
20
16
24
15
22
25
10
10
18
16
21
14
15
27
22
18
22
21
24
15
16
27
11
19
16
18
18
25
15
17
17
18
12
19
17
14
21
18
9
20
8
13
13
15
18
16
19
26
10
17
21
19
24
16
9
20
20
19
20
22
15
18
15
23
17
20
12
19
15
11
18
20
18
18
9
17
16
17
17
10
11
10
14
15
11
17
12
14
13
20
18
8
16
15
17
14
16
20
14
16
12
11
17
13
18
12
15
11
18
19
19
12
14
12
19
14
20
17
14
10
11
14
12
11
14
15
11
12
18
9
15
9
16
13
12
17
12
18
19
9
8
7
11
8
12
10
7
12
9
14
11
10
13
9
7
10
17
16
11
11
14
13
8
14
17
8
17
13
13
16
6
13
14
13
8
14
6
9
15
12
9
15
13
11
13
9
11
11
10
11
14
14
12
12
7
10
15
11
8
11
7
11
16
12
3
7
13
10
13
10
7
7
14
8
8
13
7
10
8
8
5
4
18
9
17
6
6
15
15
10
8
6
14
14
8
10
11
15
8
15
7
6
11
8
9
7
7
13
5
7
16
5
10
6
9
7
9
8
10
13
10
9
8
4
12
13
11
9
13
14
5
7
11
8
10
10
6
10
11
6
12
10
12
10
14
9
12
9
9
15
14
7
10
4
14
8
12
4
5
7
11
12
6
12
6
7
8
9
9
13
11
13
6
9
9
11
5
14
4
10
11
7
7
10
6
5
4
13
15
9
15
2
6
8
5
8
9
6
13
5
9
9
8
12
9
10
10
10
6
6
9
7
3
11
10
9
8
10
8
4
4
8
12
5
6
8
9
8
4
7
9
5
7
7
10
4
7
5
12
6
14
6
10
8
9
6
7
8
10
9
6
5
2
6
8
8
3
6
8
8
6
6
7
5
9
3
8
5
1
5
5
5
7
7
6
3
3
4
11
9
11
2
3
5
3
11
9
4
7
7
9
5
4
7
1
4
9
3
10
7
10
4
7
10
5
4
7
9
5
7
9
2
5
3
4
7
8
7
11
1
7
8
6
9
5
8
3
5
4
2
1
8
7
6
2
6
6
3
7
3
6
5
4
3
4
10
6
2
6
9
5
7
5
7
7
5
9
6
7
8
2
10
5
6
8
5
9
9
6
1
4
8
5
3
4
4
5
6
5
4
7
6
6
4
9
4
2
3
4
2
3
7
9
5
6
4
5
6
5
4
2
8
5
3
2
6
5
5
5
4
5
6
3
2
4
7
1
0
4
1
6
6
3
7
6
7
10
10
1
5
3
5
5
6
7
8
7
8
6
4
6
6
3
5
8
5
2
5
3
1
1
5
3
5
5
7
8
1
0
2
7
2
3
3
3
3
2
1
3
3
5
2
9
5
6
4
3
7
5
2
1
6
6
2
6
2
6
4
3
4
6
6
5
3
3
3
4
1
4
5
2
2
6
3
3
3
8
3
3
2
7
3
7
1
4
4
5
5
5
4
2
4
3
4
7
5
8
4
3
5
6
8
3
8
3
4
1
3
2
5
4
1
3
5
2
7
3
2
4
3
2
6
5
6
6
3
4
2
6
1
5
5
7
2
3
5
3
6
4
4
3
4
3
4
4
4
3
5
7
2
5
2
4
4
3
5
0
5
2
2
5
5
6
6
6
3
2
2
2
4
7
6
0
5
5
5
2
2
2
3
4
1
5
4
2
4
2
4
6
3
2
5
3
3
7
4
5
0
3
1
3
3
4
0
1
2
4
3
2
2
1
5
3
8
2
2
3
5
5
4
9
2
1
8
2
4
6
2
5
3
6
3
4
5
3
3
3
9
2
0
3
4
4
2
6
4
1
3
1
6
7
1
3
4
1
2
5
5
2
5
1
5
4
3
3
3
1
2
3
2
3
1
6
2
7
2
4
6
0
2
1
8
1
1
0
3
5
5
3
5
2
1
1
3
3
2
3
3
3
6
2
0
1
2
1
3
1
1
3
4
3
4
2
4
0
4
2
1
3
4
2
2
5
2
5
3
3
4
1
7
1
1
2
4
4
5
4
4
3
2
1
4
1
0
3
6
2
5
1
3
4
1
3
2
5
3
6
4
3
4
1
2
3
3
3
3
3
3
4
5
2
1
5
6
3
2
0
2
3
1
2
4
6
2
3
2
4
1
3
4
6
5
4
5
2
6
1
0
6
5
3
3
2
3
8
3
6
2
2
5
2
4
3
3
2
3
5
2
5
2
2
3
2
2
2
2
1
3
1
0
2
3
3
5
1
2
1
4
3
4
0
3
2
5
2
1
1
1
2
1
1
4
2
5
1
5
3
0
3
3
3
1
3
1
1
3
0
3
4
2
2
0
2
5
2
3
2
1
3
4
1
1
1
3
3
0
2
3
3
2
0
4
0
1
3
4
2
3
3
5
1
3
1
1
2
2
0
2
2
1
0
2
3
2
5
3
1
5
2
6
2
3
2
3
1
2
1
2
3
0
1
3
2
1
0
2
3
0
0
4
3
0
2
2
2
3
6
8
3
2
2
1
5
2
2
8
7
1
6
3
4
1
3
3
3
2
1
3
5
0
2
1
3
5
1
3
4
1
2
1
1
1
1
4
2
0
1
3
1
4
1
0
3
1
3
2
0
1
3
1
0
4
4
4
1
3
2
0
5
3
2
2
2
1
5
4
1
2
4
3
0
2
4
3
2
0
1
4
0
4
3
3
1
1
4
1
1
1
2
0
0
1
3
2
2
2
1
1
3
5
4
4
4
1
0
3
0
1
3
5
2
3
1
2
2
6
3
1
2
1
1
3
4
2
5
4
2
4
2
0
4
2
2
1
3
3
1
3
0
0
4
2
1
4
1
0
1
2
2
3
6
2
3
4
2
3
4
3
0
1
3
3
0
3
1
4
2
1
3
1
2
4
3
2
8
2
3
4
3
1
3
2
6
4
5
3
4
3
2
2
1
6
6
1
2
3
4
3
2
5
2
6
4
2
6
5
6
6
8
3
3
6
7
1
3
0
6
3
2
5
6
4
0
4
5
2
8
4
6
7
3
3
8
3
5
2
2
2
10
6
9
6
5
2
7
9
5
3
4
6
6
7
7
7
8
7
10
3
7
3
6
8
8
9
11
6
7
8
2
3
7
4
3
7
9
8
9
10
5
5
10
3
9
11
7
7
8
10
8
8
9
5
4
12
4
7
4
9
6
4
8
6
11
4
5
6
7
12
8
8
10
14
10
10
14
12
7
19
15
13
7
12
16
10
6
15
11
14
16
15
15
17
17
16
18
16
21
19
18
13
15
14
16
19
16
20
17
21
19
16
19
21
20
22
34
24
25
26
24
29
30
30
29
31
30
32
29
31
29
28
41
28
42
40
29
33
37
40
37
28
38
45
35
26
25
39
42
40
29
26
20
21
25
22
12
15
10
21
12
3
13
3
7
0
3
1
2
0
1
0
0
1
0
0
0
2
0
1
0
1
0
1
0
0
0
0
0
0
1
1
0
0
0
0
0
0
0
0
0
0
0
0
0
0
0
0
0
0
0
0
0
0
0
0
0
0
0
0
0
0
0
0
1
0
0
0
0
0
0
0
0
0
0
0
0
0
0
0
0
0
0
0
0
0
0
0
0
0
0
0
0
0
0
0
1
0
0
0
0
0
0
0
0
1
0
0
0
0
0
0
0
0
0
0
0
0
0
0
0
0
0
0
0
0
0
0
0
0
0
0
0
0
0
0
0
0
0
0
0
0
0
0
0
0
0
0
0
0
0
0
0
0
0
0
0
0
0
0
0
0
0
0
0
0
0
0
0
0
0
0
0
0
0
0
0
0
0
0
0
0
0
0
0
0
0
0
0
0
0
0
0
0
0
0
0
0
0
0
0
0
0
0
0
0
0
0
0
0
0
0
0
0
0
0
0
0
0
0
0
0
0
0
0
0
0
0
0
0
0
0
0
0
0
0
0
0
0
0
0
0
0
0
0
0
0
0
0
0
0
0
0
0
0
0
0
0
0
0
0
0
0
0
0
0
0
0
0
0
0
0
0
0
0
0
0
0
0
0
0
0
0
0
0
0
0
0
0
0
0
0
0
0
0
0
0
0
0
0
0
0
0
0
0
0
0
0
0
0
0
0
0
0
0
0
0
0
0
0
0
0
0
0
0
0
0
0
0
0
0
0
0
0
0
0
0
0
0
0
0
0
0
0
0
0
0
0
0
0
0
0
0
0
0
0
0
0
0
0
0
0
0
0
0
0
0
0
0
0
0
0
0
0
0
0
0
0
0
0
0
0
0
0
0
0
0
0
0
0
0
0
0
0
0
0
0
0
0
0
0
0
0
0
0
0
0
0
0
0
0
0
0
0
0
0
0
0
0
0
0
0
0
0
0
0
0
0
0
0
0
0
0
0
0
0
0
0
0
0
0
0
0
0
0
0
0
0
0
0
0
0
0
0
0
0
0
0
0
0
0
0
0
0
0
0
0
0
0
0
0
0
0
0
0
0
0
0
0
0
0
0
0
0
0
0
0
0
0
0
0
0
0
0
0
0
0
0
0
0
0
0
0
0
0
0
0
0
0
0
0
0
0
0
0
0
0
0
0
0
0
0
0
0
0
0
0
0
0
0
0
0
0
0
0
0
0
0
0
0
0
0
0
0
0
0
0
0
0
0
0
0
0
0
0
0
0
0
0
0
0
0
0
0
0
0
0
0
0
0
0
0
0
0
0
0
0
0
0
0
0
0
0
0
0
0
0
0
0
0
0
0
0
0
0
0
0
0
0
0
0
0
0
0
0
0
0
0
0
0
0
0
0
0
0
0
0
0
0
0
0
0
0
0
0
0
0
0
0
0
0
0
0
0
0
0
0
0
0
0
0
0
0
0
0
0
0
0
0
0
0
0
0
0
0
0
0
0
0
0
0
0
0
0
0
0
0
0
0
0
0
0
0
0
0
0
0
0
0
0
0
0
0
0
0
0
0
0
0
0
0
0
0
0
0
0
0
0
0
0
0
0
0
0
0
0
0
0
0
0
0
0
0
0
0
0
0
0
0
0
0
0
0
0
0
0
0
0
0
0
0
0
0
0
0
0
0
0
0
0
0
0
0
0
0
0
0
0
0
0
0
0
0
0
0
0
0
0
0
0
0
0
0
0
0
0
0
0
0
0
0
0
0
0
0
0
0
0
0
0
0
0
0
0
0
0
0
0
0
0
0
0
0
0
0
0
0
0
0
0
0
0
0
0
0
0
0
0
0
0
0
0
0
0
0
0
0
0
0
0
0
0
0
0
0
0
0
0
0
0
0
0
0
0
0
0
0
0
0
0
0
0
0
0
0
0
0
0
0
0
0
0
0
0
0
0
0
0
0
0
0
0
0
0
0
0
0
0
0
0
0
0
0
0
0
0
0
0
0
0
0
0
0
0
0
0
0
0
0
0
0
0
0
0
0
0
0
0
0
0
0
0
0
0
0
0
0
0
0
0
0
0
0
0
0
0
0
0
0
0
0
0
0
0
0
0
0
0
0
0
0
0
0
0
0
0
0
0
0
0
0
0
0
0
0
0
0
0
0
0
0
0
0
0
0
0
0
0
0
0
0
0
0
0
0
0
0
0
0
0
0
0
0
0
0
0
0
0
0
0
0
0
0
0
0
0
0
0
0
0
0
0
0
0
0
0
0
0
0
0
0
0
0
0
0
0
0
0
0
0
0
0
0
0
0
0
0
0
0
0
0
0
0
0
0
0
0
0
0
0
0
0
0
0
0
0
0
0
0
0
0
0
0
0
0
0
0
0
0
0
0
0
0
0
0
0
0
0
0
0
0
0
0
0
0
0
0
0
0
0
0
0
0
0
0
0
0
0
0
0
0
0
0
0
0
0
0
0
0
0
0
0
0
0
0
0
0
0
0
0
0
0
0
0
0
0
0
0
0
0
0
0
0
0
0
0
0
0
0
0
0
0
0
0
0
0
0
0
0
0
0
0
0
0
0
0
0
0
0
0
0
0
0
0
0
0
0
0
0
0
0
0
0
0
0
0
0
0
0
0
0
0
0
0
0
0
0
0
0
0
0
0
0
0
0
0
0
0
0
0
0
0
0
0
0
0
0
0
0
0
0
0
0
0
0
0
0
0
0
0
0
0
0
0
0
0
0
0
0
0
0
0
0
0
0
0
0
0
0
0
0
0
0
0
0
0
0
0
0
0
0
0
0
0
0
0
0
0
0
0
0
0
0
0
0
0
0
0
0
0
0
0
0
0
0
0
0
0
0
0
0
0
0
0
0
0
0
0
0
0
0
0
0
0
0
0
0
0
0
0
0
0
0
0
0
0
0
0
0
0
0
0
0
0
0
0
0
0
0
0
0
0
0
0
0
0
0
0
0
0
0
0
0
0
0
0
0
0
0
0
0
0
0
0
0
0
0
0
0
0
0
0
0
0
0
0
0
0
0
0
0
0
0
0
0
0
0
0
0
0
0
0
0
0
0
0
0
0
0
0
0
0
0
0
0
0
0
0
0
0
0
0
0
0
0
0
0
0
0
0
0
0
0
0
0
0
0
0
0
0
0
0
0
0
0
0
0
0
0
0
0
0
0
0
0
0
0
0
0
0
0
0
0
0
0
0
0
0
0
0
0
0
0
0
0
0
0
0
0
0
0
0
0
0
0
0
0
0
0
0
0
0
0
0
0
0
0
0
0
0
0
0
0
0
0
0
0
0
0
0
0
0
0
0
0
0
0
0
0
0
0
0
0
0
0
0
0
0
0
0
0
0
0
0
0
0
0
0
0
0
0
0
0
0
0
0
0
0
0
0
0
0
0
0
0
0
0
0
0
0
0
0
0
0
0
0
0
0
0
0
0
0
0
0
0
0
0
0
0
0
0
0
0
0
0
0
0
0
0
0
0
0
0
0
0
0
0
0
0
0
0
0
0
0
0
0
0
0
0
0
0
0
0
0
0
0
0
0
0
0
0
0
0
0
0
0
0
0
0
0
0
0
0
0
0
0
0
0
0
0
0
0
0
0
0
0
0
0
0
0
0
0
0
0
0
0
0
0
0
0
0
0
0
0
0
0
0
0
0
0
0
0
0
0
0
0
0
0
0
0
0
0
0
0
0
0
0
0
0
0
0
0
0
0
0
0
0
0
0
0
0
0
0
0
0
0
0
0
0
0
0
0
0
0
0
0
0
0
0
0
0
0
0
0
0
0
0
0
0
0
0
0
0
0
0
0
0
0
0
0
0
0
0
0
0
0
0
0
0
0
0
0
0
0
0
0
0
0
0
0
0
0
0
0
0
0
0
0
0
0
0
0
0
0
0
0
0
0
0
0
0
0
0
0
0
0
0
0
0
0
0
0
0
0
0
0
0
0
0
0
0
0
0
0
0
0
0
0
0
0
0
0
0
0
0
0
0
0
0
0
0
0
0
0
0
0
0
0
0
0
0
0
0
0
0
0
0
0
0
0
0
0
0
0
<<END>>
