0
0
0
0
0
0
0
0
0
0
0
0
0
0
0
0
0
0
0
0
0
0
796
8013
8601
6511
4658
3180
2170
1520
1062
703
436
301
215
148
94
105
62
50
44
49
51
33
26
42
37
39
42
58
51
49
43
51
31
51
51
53
31
39
62
38
57
54
63
62
59
52
54
61
73
69
69
51
41
38
46
67
63
49
41
58
52
57
54
49
56
50
51
54
51
42
52
47
38
37
49
37
31
38
35
38
34
38
47
25
30
38
28
28
35
39
40
47
40
29
29
44
30
32
42
37
36
25
31
28
31
40
39
47
41
41
43
61
53
34
37
60
55
50
57
52
52
59
77
76
69
69
65
74
81
68
76
74
79
80
88
85
95
102
95
105
109
122
128
121
107
134
114
134
94
118
146
138
129
132
127
142
123
145
163
138
150
155
146
146
129
121
153
141
145
158
152
136
149
131
161
119
143
144
151
124
127
138
141
130
130
120
128
126
138
123
111
128
118
109
118
102
113
99
115
115
101
102
108
83
94
100
97
76
82
97
77
76
69
83
87
64
60
69
83
77
66
79
75
63
59
50
55
63
61
74
51
47
71
56
51
52
41
41
50
54
47
63
55
60
54
39
42
46
42
48
47
56
52
47
44
42
48
47
39
40
43
40
47
52
63
51
59
48
46
49
39
47
43
37
36
42
49
52
39
60
40
32
42
48
38
47
40
36
41
56
51
41
48
56
38
47
43
49
48
50
48
35
49
46
42
51
52
54
30
51
42
40
48
47
50
47
54
48
57
47
48
34
39
41
40
40
49
61
44
40
49
50
37
56
40
49
49
50
60
49
56
54
42
50
40
38
45
49
47
42
49
34
48
50
42
44
43
46
56
46
46
51
40
44
40
47
53
42
38
44
52
41
33
54
53
46
48
39
38
41
45
40
51
51
48
46
52
53
56
58
57
43
38
55
42
54
56
49
25
36
63
41
59
36
46
38
50
52
46
37
40
57
50
48
37
54
40
43
41
61
43
42
47
50
44
51
41
45
48
33
42
28
52
40
42
42
52
44
33
47
38
57
49
40
34
42
34
48
48
37
33
60
37
48
68
51
41
38
49
30
50
44
34
43
65
41
43
36
44
36
33
34
38
45
41
37
46
34
39
44
44
38
41
48
43
38
44
31
35
34
31
44
42
34
35
39
25
48
44
38
38
44
35
57
39
39
41
33
31
25
42
44
31
39
41
39
31
34
29
34
53
43
39
45
25
37
38
38
43
39
28
34
31
34
39
34
40
36
33
46
34
36
26
36
22
34
36
41
35
29
38
29
39
32
31
33
45
31
41
36
34
37
37
34
40
38
36
31
34
28
35
26
30
31
42
24
27
42
36
35
27
31
32
18
50
38
30
28
19
29
35
29
32
35
28
35
27
36
38
33
23
23
30
30
31
23
37
39
32
34
26
28
30
31
31
21
32
20
31
30
33
24
27
30
29
43
23
22
24
31
28
33
24
25
26
33
27
25
24
18
22
26
34
29
15
27
14
32
25
29
29
23
21
20
30
38
22
22
36
28
18
31
25
35
23
22
16
23
30
23
24
22
25
27
15
30
18
21
16
33
22
25
17
23
12
23
23
24
32
26
15
29
15
24
27
25
20
24
19
32
19
27
18
23
25
21
20
18
12
25
19
22
25
13
21
22
19
27
31
29
15
17
25
16
25
18
22
19
20
17
23
19
25
19
20
26
24
15
17
23
22
21
15
28
21
23
12
13
17
17
21
9
23
15
21
16
16
15
21
17
16
27
18
17
23
20
15
15
20
15
11
19
14
23
21
16
17
13
16
20
24
19
18
16
15
18
14
20
22
20
8
26
16
16
21
5
16
23
22
22
11
16
20
10
23
21
18
14
18
9
15
21
17
15
18
20
15
18
15
11
23
16
18
19
13
13
15
17
10
16
12
16
26
16
18
19
19
15
17
13
9
10
21
11
16
18
12
7
17
16
16
19
16
15
16
19
13
18
10
13
18
11
16
15
23
11
14
18
10
23
12
12
13
16
14
9
12
9
11
14
7
14
10
14
7
22
15
10
23
15
7
10
13
8
15
12
15
18
11
16
16
12
11
12
11
9
16
11
13
10
10
17
16
12
11
12
13
11
13
16
10
8
7
15
11
12
10
11
11
16
10
11
6
15
13
7
11
15
16
7
13
16
6
17
12
14
14
7
11
9
9
11
11
9
15
14
19
8
11
5
10
7
8
15
13
12
14
10
12
18
16
6
6
14
10
11
10
14
15
16
11
7
6
13
6
17
13
6
11
14
10
13
11
6
15
11
8
5
12
13
10
4
12
10
11
11
10
11
5
9
9
6
10
4
12
8
6
6
2
9
8
11
5
6
11
6
12
5
5
10
9
6
9
12
11
10
3
12
11
10
12
8
10
10
6
8
7
10
4
13
17
11
9
10
7
8
14
6
4
15
8
6
10
6
7
11
7
8
9
11
7
7
6
8
8
6
8
11
5
10
10
8
4
6
10
7
3
3
10
5
5
6
6
8
13
9
9
6
2
7
13
10
6
9
5
6
4
10
4
9
9
9
9
7
12
5
6
6
4
6
7
7
7
8
5
6
8
8
3
14
3
8
8
7
11
11
5
8
8
4
2
2
7
3
9
6
3
11
4
10
11
4
2
5
8
4
8
8
6
14
7
7
8
7
6
5
5
6
5
9
4
5
12
8
9
3
4
7
13
6
11
3
2
5
9
11
6
10
5
4
10
6
4
6
5
6
8
6
3
5
3
5
12
4
9
7
5
4
7
7
10
3
4
5
8
7
7
6
3
4
7
8
1
7
7
7
6
3
3
5
8
5
4
4
7
12
4
2
4
5
7
4
5
7
4
3
11
1
4
3
8
6
9
7
6
10
4
5
7
6
7
2
7
3
2
3
7
1
6
2
6
5
5
3
1
4
4
7
8
1
4
5
7
5
4
6
3
9
0
8
6
5
3
7
4
8
1
4
2
8
3
5
2
5
5
5
5
5
7
4
2
4
5
7
6
4
10
5
7
5
4
3
3
7
3
4
7
3
6
4
6
5
4
4
5
3
3
9
4
5
4
7
5
7
5
5
7
6
5
3
0
1
2
2
2
5
3
5
4
3
1
4
1
3
6
4
5
4
6
5
1
3
0
4
3
4
6
5
4
5
6
12
3
7
6
2
4
1
4
4
7
4
4
6
2
4
3
4
2
9
4
2
5
2
4
2
7
2
9
2
4
3
6
3
3
4
7
4
2
4
4
3
4
3
4
1
7
4
1
5
3
4
4
6
5
4
7
5
1
3
3
6
4
2
6
3
4
3
1
7
4
5
1
5
1
6
6
6
6
5
1
5
7
3
6
7
4
4
6
1
2
3
1
4
4
2
3
1
4
0
4
4
3
5
7
3
2
1
3
2
1
3
5
5
1
1
1
1
4
4
2
4
4
6
3
1
3
2
3
4
1
4
1
4
5
3
6
2
1
6
4
3
4
1
4
2
2
3
2
2
1
4
1
1
2
6
3
1
2
5
4
6
3
1
4
1
1
2
4
2
2
3
5
4
5
2
2
4
3
1
2
2
7
2
6
1
2
2
2
3
4
3
2
1
6
4
3
3
4
4
3
8
2
3
2
6
2
1
1
2
2
2
3
2
9
2
3
1
5
4
4
4
0
2
4
5
3
2
4
0
2
3
7
6
4
4
1
3
2
6
2
5
4
3
4
5
2
6
3
2
5
1
1
8
5
3
3
5
3
6
2
4
4
1
2
6
2
4
3
3
2
5
7
0
1
4
5
7
4
1
3
2
1
2
3
2
2
1
3
3
4
4
5
3
5
0
2
2
2
4
0
3
2
2
2
2
4
1
1
2
3
3
1
4
1
2
1
3
2
5
4
3
5
0
1
4
4
2
2
1
0
0
3
2
3
2
4
4
1
3
6
0
2
3
3
3
6
3
3
6
6
6
0
2
2
1
5
6
5
2
0
3
1
3
2
2
2
3
2
3
0
3
6
4
2
0
4
3
6
2
5
3
2
1
1
1
0
3
3
5
2
5
0
0
5
1
1
3
1
2
2
4
3
0
2
1
3
4
5
1
3
1
3
1
5
2
4
1
0
1
4
3
3
3
3
2
2
5
4
1
1
3
1
3
2
5
5
2
4
2
2
0
2
2
3
1
1
5
6
2
2
4
0
4
4
4
1
1
2
2
0
2
2
4
1
2
2
2
3
1
0
3
3
2
2
3
3
6
0
2
4
1
1
2
2
0
1
0
1
1
3
3
2
7
4
0
1
1
2
2
1
3
4
2
2
4
4
0
2
3
3
5
1
2
4
1
2
1
3
4
3
3
2
3
6
2
1
1
3
5
2
3
0
1
2
3
3
5
1
2
4
2
4
4
1
0
3
5
1
1
4
3
1
1
5
2
1
3
1
1
2
3
6
2
2
6
1
4
4
1
0
1
3
0
6
3
1
3
3
1
2
3
2
1
4
6
2
2
1
4
2
1
5
1
6
2
2
3
1
4
3
4
4
5
10
2
4
6
2
3
1
2
5
3
1
5
0
2
1
2
0
3
3
3
3
1
4
2
1
1
3
4
5
2
3
2
0
2
3
4
1
3
3
2
0
2
0
2
3
5
1
4
4
7
1
3
3
1
5
3
5
2
1
3
6
4
7
5
2
2
3
2
3
4
5
1
6
5
3
4
1
2
4
2
4
4
5
1
4
5
3
3
8
5
3
3
2
8
6
1
2
2
5
5
3
4
5
1
2
4
6
5
2
4
5
4
2
4
4
5
5
6
8
3
4
3
2
7
2
4
3
6
3
3
4
6
5
5
4
3
5
5
2
5
8
4
5
3
4
3
6
11
5
3
5
5
6
5
4
3
9
7
4
4
3
5
4
5
7
6
6
3
6
7
7
4
9
8
6
7
5
9
9
7
7
6
12
12
5
12
7
8
8
7
10
13
10
11
10
8
10
5
6
10
9
12
5
6
11
9
9
11
14
7
7
5
12
10
13
3
8
9
9
13
14
14
9
10
22
13
16
10
13
14
7
13
15
15
12
16
17
15
14
21
26
18
11
13
18
19
19
23
22
19
26
20
26
29
28
32
35
22
28
36
21
29
21
29
26
40
26
32
29
28
25
40
37
25
36
48
34
33
33
25
44
26
45
33
31
29
34
15
26
22
21
22
14
12
11
8
6
11
12
3
2
5
0
4
2
1
0
1
0
0
1
1
1
1
1
0
0
1
0
0
0
0
0
1
0
0
0
0
0
0
0
0
0
0
0
1
0
0
0
0
0
0
1
0
0
0
0
0
1
0
1
0
0
0
0
0
0
0
0
0
0
0
0
0
0
0
0
0
0
0
0
0
0
0
0
0
0
0
0
0
0
0
0
0
0
0
0
0
0
0
0
0
0
0
0
0
0
0
0
0
0
0
0
1
0
0
0
0
0
0
0
0
0
0
0
0
0
0
0
0
0
0
0
0
0
0
0
0
0
0
0
0
0
0
0
0
0
0
0
0
0
0
0
0
0
0
0
0
0
0
0
0
0
0
0
0
0
0
0
0
0
0
0
0
0
0
0
0
0
0
0
0
0
0
0
0
0
0
0
0
0
0
0
0
0
0
0
0
0
0
0
0
0
0
0
0
0
0
0
0
0
0
0
0
0
0
0
0
0
0
0
0
0
0
0
0
0
0
0
0
0
0
0
0
0
0
0
0
0
0
0
0
0
0
0
0
0
0
0
0
0
0
0
0
0
0
0
0
0
0
0
0
0
0
0
0
0
0
0
0
0
0
0
0
0
0
0
0
0
0
0
0
0
0
0
0
0
0
0
0
0
0
0
0
0
0
0
0
0
0
0
0
0
0
0
0
0
0
0
0
0
0
0
0
0
0
0
0
0
0
0
0
0
0
0
0
0
0
0
0
0
0
0
0
0
0
0
0
0
0
0
0
0
0
0
0
0
0
0
0
0
0
0
0
0
0
0
0
0
0
0
0
0
0
0
0
0
0
0
0
0
0
0
0
0
0
0
0
0
0
0
0
0
0
0
0
0
0
0
0
0
0
0
0
0
0
0
0
0
0
0
0
0
0
0
0
0
0
0
0
0
0
0
0
0
0
0
0
0
0
0
0
0
0
0
0
0
0
0
0
0
0
0
0
0
0
0
0
0
0
0
0
0
0
0
0
0
0
0
0
0
0
0
0
0
0
0
0
0
0
0
0
0
0
0
0
0
0
0
0
0
0
0
0
0
0
0
0
0
0
0
0
0
0
0
0
0
0
0
0
0
0
0
0
0
0
0
0
0
0
0
0
0
0
0
0
0
0
0
0
0
0
0
0
0
0
0
0
0
0
0
0
0
0
0
0
0
0
0
0
0
0
0
0
0
0
0
0
0
0
0
0
0
0
0
0
0
0
0
0
0
0
0
0
0
0
0
0
0
0
0
0
0
0
0
0
0
0
0
0
0
0
0
0
0
0
0
0
0
0
0
0
0
0
0
0
0
0
0
0
0
0
0
0
0
0
0
0
0
0
0
0
0
0
0
0
0
0
0
0
0
0
0
0
0
0
0
0
0
0
0
0
0
0
0
0
0
0
0
0
0
0
0
0
0
0
0
0
0
0
0
0
0
0
0
0
0
0
0
0
0
0
0
0
0
0
0
0
0
0
0
0
0
0
0
0
0
0
0
0
0
0
0
0
0
0
0
0
0
0
0
0
0
0
0
0
0
0
0
0
0
0
0
0
0
0
0
0
0
0
0
0
0
0
0
0
0
0
0
0
0
0
0
0
0
0
0
0
0
0
0
0
0
0
0
0
0
0
0
0
0
0
0
0
0
0
0
0
0
0
0
0
0
0
0
0
0
0
0
0
0
0
0
0
0
0
0
0
0
0
0
0
0
0
0
0
0
0
0
0
0
0
0
0
0
0
0
0
0
0
0
0
0
0
0
0
0
0
0
0
0
0
0
0
0
0
0
0
0
0
0
0
0
0
0
0
0
0
0
0
0
0
0
0
0
0
0
0
0
0
0
0
0
0
0
0
0
0
0
0
0
0
0
0
0
0
0
0
0
0
0
0
0
0
0
0
0
0
0
0
0
0
0
0
0
0
0
0
0
0
0
0
0
0
0
0
0
0
0
0
0
0
0
0
0
0
0
0
0
0
0
0
0
0
0
0
0
0
0
0
0
0
0
0
0
0
0
0
0
0
0
0
0
0
0
0
0
0
0
0
0
0
0
0
0
0
0
0
0
0
0
0
0
0
0
0
0
0
0
0
0
0
0
0
0
0
0
0
0
0
0
0
0
0
0
0
0
0
0
0
0
0
0
0
0
0
0
0
0
0
0
0
0
0
0
0
0
0
0
0
0
0
0
0
0
0
0
0
0
0
0
0
0
0
0
0
0
0
0
0
0
0
0
0
0
0
0
0
0
0
0
0
0
0
0
0
0
0
0
0
0
0
0
0
0
0
0
0
0
0
0
0
0
0
0
0
0
0
0
0
0
0
0
0
0
0
0
0
0
0
0
0
0
0
0
0
0
0
0
0
0
0
0
0
0
0
0
0
0
0
0
0
0
0
0
0
0
0
0
0
0
0
0
0
0
0
0
0
0
0
0
0
0
0
0
0
0
0
0
0
0
0
0
0
0
0
0
0
0
0
0
0
0
0
0
0
0
0
0
0
0
0
0
0
0
0
0
0
0
0
0
0
0
0
0
0
0
0
0
0
0
0
0
0
0
0
0
0
0
0
0
0
0
0
0
0
0
0
0
0
0
0
0
0
0
0
0
0
0
0
0
0
0
0
0
0
0
0
0
0
0
0
0
0
0
0
0
0
0
0
0
0
0
0
0
0
0
0
0
0
0
0
0
0
0
0
0
0
0
0
0
0
0
0
0
0
0
0
0
0
0
0
0
0
0
0
0
0
0
0
0
0
0
0
0
0
0
0
0
0
0
0
0
0
0
0
0
0
0
0
0
0
0
0
0
0
0
0
0
0
0
0
0
0
0
0
0
0
0
0
0
0
0
0
0
0
0
0
0
0
0
0
0
0
0
0
0
0
0
0
0
0
0
0
0
0
0
0
0
0
0
0
0
0
0
0
0
0
0
0
0
0
0
0
0
0
0
0
0
0
0
0
0
0
0
0
0
0
0
0
0
0
0
0
0
0
0
0
0
0
0
0
0
0
0
0
0
0
0
0
0
0
0
0
0
0
0
0
0
0
0
0
0
0
0
0
0
0
0
0
0
0
0
0
0
0
0
0
0
0
0
0
0
0
0
0
0
0
0
0
0
0
0
0
0
0
0
0
0
0
0
0
0
0
0
0
0
0
0
0
0
0
0
0
0
0
0
0
0
0
0
0
0
0
0
0
0
0
0
0
0
0
0
0
0
0
0
0
0
0
0
0
0
0
0
0
0
0
0
0
0
0
0
0
0
0
0
0
0
0
0
0
0
0
0
0
0
0
0
0
0
0
0
0
0
0
0
0
0
0
0
0
0
0
0
0
0
0
0
0
0
0
0
0
0
0
0
0
0
0
0
0
0
0
0
0
0
0
0
0
0
0
0
0
0
0
0
0
0
0
0
0
0
0
0
0
0
0
0
0
0
0
0
0
0
0
0
0
0
0
0
0
0
0
0
0
0
0
0
0
0
0
0
0
0
0
0
0
0
0
0
0
0
0
0
0
0
0
0
0
0
0
0
0
0
0
0
0
0
0
0
0
0
0
0
0
0
0
0
0
0
0
0
0
0
0
0
0
0
0
0
0
0
0
0
0
0
0
0
0
0
0
0
0
0
0
0
0
0
0
0
0
0
0
0
0
0
0
0
0
0
0
0
0
0
0
0
0
0
0
0
0
0
0
0
0
0
0
0
0
0
0
0
0
0
0
0
0
0
0
0
0
0
0
0
0
0
0
0
0
0
0
0
0
0
0
0
0
0
0
0
0
0
0
0
0
0
0
0
0
0
0
0
0
0
0
0
0
0
0
0
0
0
0
0
0
0
0
0
0
0
0
0
0
0
0
0
0
0
0
0
0
0
0
0
0
0
0
0
0
0
0
0
0
0
0
0
0
0
0
0
0
0
0
0
0
0
0
0
0
0
0
0
0
0
0
0
0
0
0
0
0
0
0
0
0
0
0
0
0
0
0
0
0
0
0
0
0
0
0
0
0
0
0
0
0
0
0
0
0
0
0
0
0
0
0
0
0
0
0
0
0
0
0
0
0
0
0
0
0
<<END>>
