0
0
0
0
0
0
0
0
0
0
0
0
0
0
0
0
0
0
0
0
0
0
729
7687
8634
6421
4570
3213
2262
1467
1020
701
467
334
201
137
106
81
54
41
49
38
33
36
28
47
33
36
32
39
54
41
50
47
47
50
44
54
45
49
50
56
54
45
40
43
63
46
59
57
59
54
69
53
51
53
58
68
47
46
68
47
59
55
68
50
57
46
56
52
53
53
61
45
46
43
53
35
50
44
43
55
46
44
50
36
32
57
52
38
42
49
51
27
44
41
42
42
34
43
48
48
45
34
39
52
42
52
45
45
53
42
51
50
54
56
62
62
52
45
61
61
61
60
69
65
70
90
84
82
87
89
85
96
87
78
101
76
93
100
98
99
80
101
118
94
113
98
117
117
112
131
146
127
133
130
127
162
143
145
132
153
138
140
150
159
166
131
141
146
162
132
161
152
155
148
135
172
159
178
157
147
147
154
172
153
152
149
139
152
140
159
129
143
141
141
155
152
118
139
136
132
108
120
123
118
132
102
108
98
128
116
99
126
93
105
106
90
89
89
97
96
94
90
85
80
78
67
88
66
83
94
80
66
89
62
85
90
61
67
66
64
54
63
61
57
56
49
72
63
50
58
52
60
40
58
39
43
53
59
34
62
47
43
52
52
44
40
53
41
48
50
62
53
46
37
40
63
43
31
52
50
53
41
48
43
58
45
48
46
44
44
44
43
42
49
46
40
50
58
29
47
53
49
49
37
50
43
39
41
45
37
41
48
45
41
52
54
50
48
44
38
50
36
54
50
47
53
43
46
54
44
37
41
37
38
51
34
49
45
44
32
31
55
50
35
34
40
42
31
45
50
47
43
48
52
49
49
41
45
36
38
34
62
45
50
38
44
38
55
55
45
46
40
43
40
48
41
49
45
56
45
37
49
51
34
45
43
56
46
33
44
41
46
35
30
46
45
57
42
57
33
58
42
53
45
56
51
57
38
53
43
54
44
36
37
39
35
39
52
37
42
48
43
42
39
36
40
54
41
51
43
43
47
46
56
32
60
52
44
51
50
51
46
40
46
49
42
55
44
51
58
38
38
48
39
46
44
46
64
39
27
39
37
36
41
34
54
38
60
38
41
37
48
46
53
41
38
45
37
29
53
36
38
43
36
39
31
41
33
45
36
49
49
29
33
29
43
48
32
30
34
43
30
40
37
43
37
30
36
36
39
38
35
43
42
49
34
29
21
42
40
41
30
25
27
41
37
32
31
40
36
33
33
31
29
39
32
34
45
38
48
26
34
25
26
45
30
41
34
37
32
32
27
36
31
33
44
31
37
31
31
40
31
36
35
31
21
31
32
38
29
25
38
36
27
31
27
35
25
32
38
29
47
41
35
31
27
37
31
43
24
24
21
28
34
29
40
31
35
33
37
23
34
33
36
23
32
29
21
33
24
23
29
30
30
23
33
27
27
20
27
36
28
33
35
27
27
18
33
31
35
25
21
26
23
31
22
25
26
22
33
35
21
15
23
27
28
17
36
27
18
24
33
18
22
31
34
21
24
29
28
19
31
17
22
34
28
22
23
21
27
29
21
24
27
16
25
23
26
35
18
20
19
28
19
23
25
20
37
19
33
19
21
34
18
22
19
21
21
20
18
33
23
30
20
23
20
22
26
26
26
18
25
23
24
25
23
13
19
29
16
25
23
25
24
20
25
22
25
22
21
23
24
25
22
28
16
22
14
24
20
21
31
18
14
14
29
20
22
11
17
26
28
18
22
28
15
18
16
20
20
15
16
14
16
13
15
16
19
14
10
18
17
16
21
30
11
15
13
22
18
19
14
12
25
17
21
18
18
18
21
10
12
10
12
16
15
16
10
14
23
20
14
15
20
16
25
17
13
21
16
19
17
15
13
22
17
23
19
14
14
12
14
17
20
16
12
14
11
14
19
15
22
17
15
14
14
16
12
21
19
18
12
11
21
19
12
15
19
14
11
10
7
16
13
11
13
13
18
16
11
14
13
17
10
16
10
17
16
16
10
12
16
17
7
13
16
7
17
15
11
12
12
18
14
19
14
12
19
14
15
15
11
11
8
16
8
17
12
10
15
11
6
17
11
10
13
10
19
8
10
7
9
16
6
7
11
6
12
3
6
11
13
13
18
14
23
9
15
18
8
10
12
9
10
13
11
9
11
14
10
16
13
17
11
16
15
7
11
11
15
12
15
6
10
3
13
14
11
8
12
8
11
11
13
9
18
14
14
9
11
10
11
12
13
7
12
12
7
17
7
9
11
8
9
12
8
10
15
13
8
5
16
4
10
10
6
14
12
15
11
10
11
7
6
5
8
7
4
12
8
10
13
11
8
4
17
14
11
6
6
9
7
9
12
11
11
10
8
12
9
8
8
13
9
10
12
3
9
9
20
13
10
10
13
9
7
9
8
7
6
15
8
18
6
12
7
10
12
11
6
11
3
14
7
7
9
12
7
10
12
5
10
7
11
7
13
9
6
7
6
7
8
5
7
9
7
8
2
3
6
9
8
12
7
7
10
10
4
1
10
12
4
8
10
10
9
9
5
13
9
10
7
5
8
3
9
8
6
10
7
6
3
6
10
4
10
2
6
9
5
6
8
4
7
7
8
4
7
4
3
3
6
9
6
4
5
10
7
5
4
12
5
6
4
3
4
6
8
5
3
7
11
4
6
8
5
4
13
8
6
6
5
7
5
2
6
5
10
3
5
10
4
10
1
7
6
6
5
6
3
3
6
7
3
4
4
11
8
6
4
9
7
9
7
5
4
7
5
7
3
10
3
2
7
9
7
8
4
7
3
6
3
9
7
6
6
7
11
2
6
7
5
7
8
6
7
5
7
4
5
3
6
10
6
8
5
12
6
4
10
1
6
6
7
4
9
9
5
6
6
4
5
8
3
5
9
6
10
1
6
3
5
1
9
5
3
7
3
6
6
6
6
3
4
6
3
1
6
5
2
7
4
6
3
3
2
2
6
7
4
8
2
7
4
3
3
7
7
5
3
2
7
4
6
9
2
3
5
1
5
3
3
2
3
3
4
6
3
5
2
2
4
5
5
5
7
8
3
3
1
4
3
3
4
3
3
1
5
7
1
6
4
4
5
6
4
3
4
8
8
3
6
2
4
3
8
2
9
3
4
2
7
3
3
3
7
3
5
4
6
5
6
2
5
2
4
2
7
7
1
3
3
3
6
5
3
3
5
4
5
1
0
5
5
3
3
1
5
4
6
7
2
4
6
2
5
5
4
4
5
2
4
1
8
4
7
3
3
2
8
6
4
7
3
4
0
2
4
2
4
6
4
3
5
3
3
7
4
6
5
2
4
2
1
3
5
4
2
1
5
6
7
5
6
4
4
5
5
4
3
1
3
3
5
3
4
4
3
2
2
2
7
3
4
8
6
3
3
4
2
5
3
2
7
1
4
9
3
1
1
4
2
3
2
1
6
4
2
5
2
5
4
4
4
5
5
3
3
5
1
3
5
2
4
4
3
1
1
5
5
2
0
4
2
3
3
2
4
2
5
1
3
5
3
3
3
3
6
3
5
6
4
2
5
1
2
1
4
2
1
4
3
8
4
2
4
2
7
4
2
4
3
1
2
1
1
4
2
1
3
2
3
3
1
5
4
4
2
4
3
6
5
1
1
5
2
2
1
2
4
2
4
3
1
2
4
1
1
4
3
2
1
2
3
3
2
5
5
4
2
4
3
3
2
3
3
2
4
5
4
1
2
3
7
4
2
5
1
2
6
1
6
1
3
3
3
3
4
0
2
6
3
2
4
4
2
2
2
0
3
4
2
1
1
2
6
2
5
6
3
2
3
1
2
2
3
2
7
1
3
1
7
0
2
5
2
3
5
4
2
2
2
1
4
4
3
5
4
1
5
2
3
2
3
1
5
4
6
4
3
7
3
4
4
4
3
1
2
5
1
1
3
2
0
2
4
3
3
3
2
2
3
2
3
7
4
5
2
4
3
5
2
3
1
2
6
2
3
2
1
1
8
1
2
3
4
4
2
6
2
3
2
2
2
3
4
2
4
3
4
6
2
3
4
1
2
1
2
1
1
1
5
3
0
2
1
2
2
2
2
3
2
3
2
3
5
4
4
2
3
2
1
4
3
5
3
2
3
4
2
3
0
0
1
4
1
3
2
1
1
2
2
0
2
3
3
5
2
0
1
2
0
0
2
2
4
1
2
1
2
6
2
1
4
5
2
2
3
2
3
2
0
0
3
2
3
5
2
5
2
1
2
1
4
3
2
3
2
2
2
3
2
3
0
2
2
2
2
3
2
6
1
3
1
2
2
2
2
2
1
5
1
3
1
2
4
5
3
1
1
5
1
2
4
1
2
3
2
3
2
1
4
5
4
4
1
3
4
3
3
5
2
1
4
0
3
3
3
1
2
4
3
1
0
4
5
3
3
2
3
4
2
1
3
1
2
3
0
1
1
2
1
0
2
1
3
4
5
5
2
3
1
3
2
4
4
1
5
4
5
1
1
3
6
7
4
3
2
1
4
1
4
4
3
3
3
4
2
0
2
1
1
1
0
2
1
3
3
2
4
1
2
2
6
3
5
2
1
2
1
1
1
1
1
4
3
2
3
1
1
3
7
0
0
2
3
3
3
3
2
3
5
4
3
2
2
3
2
2
0
6
7
2
1
2
0
4
1
0
5
3
2
4
3
5
3
1
7
1
7
1
6
2
2
5
4
3
3
6
6
1
3
4
1
6
2
3
2
5
0
6
3
2
3
2
3
9
2
4
9
1
2
4
6
2
3
4
3
3
2
4
6
4
3
2
1
5
5
7
6
3
3
3
2
8
13
4
3
3
2
4
7
6
6
4
2
8
4
10
5
6
4
8
1
6
7
7
6
5
10
6
7
5
4
8
4
4
5
6
7
6
5
7
5
5
4
3
4
6
10
5
6
4
11
4
7
13
5
7
6
9
8
6
4
10
12
5
3
7
6
9
7
9
11
9
14
9
12
12
10
12
7
10
8
5
10
7
10
10
9
11
13
16
9
11
12
15
13
14
14
13
18
15
7
15
24
15
19
10
10
13
14
11
16
17
16
20
29
15
23
32
21
18
23
23
13
28
25
14
27
25
24
24
22
36
19
36
23
31
41
29
35
32
30
32
34
32
33
31
37
35
38
36
38
34
37
32
36
38
30
26
18
20
27
11
16
17
9
11
8
5
7
5
5
4
3
1
2
1
2
0
0
0
0
1
0
0
0
0
1
0
0
0
0
0
0
1
0
0
0
0
0
0
0
0
0
0
0
0
0
0
0
0
0
0
0
0
0
0
0
0
0
1
1
0
0
0
0
0
1
0
0
0
1
0
0
0
1
0
1
0
0
0
0
0
0
0
0
0
0
0
0
0
0
0
0
1
0
0
0
0
0
0
0
0
0
0
0
0
0
0
0
0
0
0
0
1
0
0
0
0
0
0
0
0
0
0
0
0
0
0
0
0
0
0
0
0
0
0
0
0
0
0
0
0
0
0
0
0
0
0
0
0
0
0
0
0
0
0
0
0
0
0
0
0
0
0
0
0
0
0
0
0
0
0
0
0
0
0
0
0
0
0
0
0
0
0
0
0
0
0
0
0
0
0
0
0
0
0
0
0
0
0
0
0
0
0
0
0
0
0
0
0
0
0
0
0
0
0
0
0
0
0
0
0
0
0
0
0
0
0
0
0
0
0
0
0
0
0
0
0
0
0
0
0
0
0
0
0
0
0
0
0
0
0
0
0
0
0
0
0
0
0
0
0
0
0
0
0
0
0
0
0
0
0
0
0
0
0
0
0
0
0
0
0
0
0
0
0
0
0
0
0
0
0
0
0
0
0
0
0
0
0
0
0
0
0
0
0
0
0
0
0
0
0
0
0
0
0
0
0
0
0
0
0
0
0
0
0
0
0
0
0
0
0
0
0
0
0
0
0
0
0
0
0
0
0
0
0
0
0
0
0
0
0
0
0
0
0
0
0
0
0
0
0
0
0
0
0
0
0
0
0
0
0
0
0
0
0
0
0
0
0
0
0
0
0
0
0
0
0
0
0
0
0
0
0
0
0
0
0
0
0
0
0
0
0
0
0
0
0
0
0
0
0
0
0
0
0
0
0
0
0
0
0
0
0
0
0
0
0
0
0
0
0
0
0
0
0
0
0
0
0
0
0
0
0
0
0
0
0
0
0
0
0
0
0
0
0
0
0
0
0
0
0
0
0
0
0
0
0
0
0
0
0
0
0
0
0
0
0
0
0
0
0
0
0
0
0
0
0
0
0
0
0
0
0
0
0
0
0
0
0
0
0
0
0
0
0
0
0
0
0
0
0
0
0
0
0
0
0
0
0
0
0
0
0
0
0
0
0
0
0
0
0
0
0
0
0
0
0
0
0
0
0
0
0
0
0
0
0
0
0
0
0
0
0
0
0
0
0
0
0
0
0
0
0
0
0
0
0
0
0
0
0
0
0
0
0
0
0
0
0
0
0
0
0
0
0
0
0
0
0
0
0
0
0
0
0
0
0
0
0
0
0
0
0
0
0
0
0
0
0
0
0
0
0
0
0
0
0
0
0
0
0
0
0
0
0
0
0
0
0
0
0
0
0
0
0
0
0
0
0
0
0
0
0
0
0
0
0
0
0
0
0
0
0
0
0
0
0
0
0
0
0
0
0
0
0
0
0
0
0
0
0
0
0
0
0
0
0
0
0
0
0
0
0
0
0
0
0
0
0
0
0
0
0
0
0
0
0
0
0
0
0
0
0
0
0
0
0
0
0
0
0
0
0
0
0
0
0
0
0
0
0
0
0
0
0
0
0
0
0
0
0
0
0
0
0
0
0
0
0
0
0
0
0
0
0
0
0
0
0
0
0
0
0
0
0
0
0
0
0
0
0
0
0
0
0
0
0
0
0
0
0
0
0
0
0
0
0
0
0
0
0
0
0
0
0
0
0
0
0
0
0
0
0
0
0
0
0
0
0
0
0
0
0
0
0
0
0
0
0
0
0
0
0
0
0
0
0
0
0
0
0
0
0
0
0
0
0
0
0
0
0
0
0
0
0
0
0
0
0
0
0
0
0
0
0
0
0
0
0
0
0
0
0
0
0
0
0
0
0
0
0
0
0
0
0
0
0
0
0
0
0
0
0
0
0
0
0
0
0
0
0
0
0
0
0
0
0
0
0
0
0
0
0
0
0
0
0
0
0
0
0
0
0
0
0
0
0
0
0
0
0
0
0
0
0
0
0
0
0
0
0
0
0
0
0
0
0
0
0
0
0
0
0
0
0
0
0
0
0
0
0
0
0
0
0
0
0
0
0
0
0
0
0
0
0
0
0
0
0
0
0
0
0
0
0
0
0
0
0
0
0
0
0
0
0
0
0
0
0
0
0
0
0
0
0
0
0
0
0
0
0
0
0
0
0
0
0
0
0
0
0
0
0
0
0
0
0
0
0
0
0
0
0
0
0
0
0
0
0
0
0
0
0
0
0
0
0
0
0
0
0
0
0
0
0
0
0
0
0
0
0
0
0
0
0
0
0
0
0
0
0
0
0
0
0
0
0
0
0
0
0
0
0
0
0
0
0
0
0
0
0
0
0
0
0
0
0
0
0
0
0
0
0
0
0
0
0
0
0
0
0
0
0
0
0
0
0
0
0
0
0
0
0
0
0
0
0
0
0
0
0
0
0
0
0
0
0
0
0
0
0
0
0
0
0
0
0
0
0
0
0
0
0
0
0
0
0
0
0
0
0
0
0
0
0
0
0
0
0
0
0
0
0
0
0
0
0
0
0
0
0
0
0
0
0
0
0
0
0
0
0
0
0
0
0
0
0
0
0
0
0
0
0
0
0
0
0
0
0
0
0
0
0
0
0
0
0
0
0
0
0
0
0
0
0
0
0
0
0
0
0
0
0
0
0
0
0
0
0
0
0
0
0
0
0
0
0
0
0
0
0
0
0
0
0
0
0
0
0
0
0
0
0
0
0
0
0
0
0
0
0
0
0
0
0
0
0
0
0
0
0
0
0
0
0
0
0
0
0
0
0
0
0
0
0
0
0
0
0
0
0
0
0
0
0
0
0
0
0
0
0
0
0
0
0
0
0
0
0
0
0
0
0
0
0
0
0
0
0
0
0
0
0
0
0
0
0
0
0
0
0
0
0
0
0
0
0
0
0
0
0
0
0
0
0
0
0
0
0
0
0
0
0
0
0
0
0
0
0
0
0
0
0
0
0
0
0
0
0
0
0
0
0
0
0
0
0
0
0
0
0
0
0
0
0
0
0
0
0
0
0
0
0
0
0
0
0
0
0
0
0
0
0
0
0
0
0
0
0
0
0
0
0
0
0
0
0
0
0
0
0
0
0
0
0
0
0
0
0
0
0
0
0
0
0
0
0
0
0
0
0
0
0
0
0
0
0
0
0
0
0
0
0
0
0
0
0
0
0
0
0
0
0
0
0
0
0
0
0
0
0
0
0
0
0
0
0
0
0
0
0
0
0
0
0
0
0
0
0
0
0
0
0
0
0
0
0
0
0
0
0
0
0
0
0
0
0
0
0
0
0
0
0
0
0
0
0
0
0
0
0
0
0
0
0
0
0
0
0
0
0
0
0
0
0
0
0
0
0
0
0
0
0
0
0
0
0
0
0
0
0
0
0
0
0
0
0
0
0
0
0
0
0
0
0
0
0
0
0
0
0
0
0
0
0
0
0
0
0
0
0
0
0
0
0
0
0
0
0
0
0
0
0
0
0
0
0
0
0
0
0
0
0
0
0
0
0
0
0
0
0
0
0
0
0
0
0
0
0
0
0
0
0
0
0
0
0
0
0
0
0
0
0
0
0
0
0
0
0
0
0
0
0
0
0
0
0
0
0
0
0
0
0
0
0
0
0
0
0
0
0
0
0
0
0
0
0
0
0
0
0
0
0
0
0
0
0
0
0
0
0
0
0
0
0
0
0
0
0
0
0
0
0
0
0
0
0
0
0
0
0
0
0
0
0
0
0
0
0
0
0
0
0
0
0
0
0
0
0
0
0
0
0
0
0
0
0
0
0
0
0
0
0
0
0
0
0
0
0
0
0
0
0
0
0
0
0
0
0
0
0
0
0
0
0
0
0
0
0
0
0
0
0
0
0
0
0
0
0
0
0
0
0
0
0
0
0
0
0
0
0
0
0
0
0
0
0
0
0
0
0
0
0
0
0
0
0
0
0
0
0
0
0
0
0
0
0
0
0
0
<<END>>
