0
0
0
0
0
0
0
0
0
0
0
0
0
0
0
0
0
0
0
0
0
0
866
7769
8602
6518
4550
3235
2196
1437
967
681
454
276
211
147
109
96
53
47
56
52
38
36
38
40
43
32
38
50
34
38
47
60
65
41
59
53
59
53
71
52
66
79
72
57
63
62
73
68
50
62
54
67
64
69
54
68
74
67
67
72
58
64
65
62
56
77
56
59
58
62
51
57
45
46
48
59
43
43
50
51
49
45
41
57
42
50
41
34
41
37
44
30
37
33
37
52
30
34
35
42
49
35
38
40
52
37
57
40
42
43
42
50
48
53
51
38
44
65
60
58
55
73
73
69
83
84
86
71
108
81
120
90
103
93
103
95
113
106
138
118
135
128
119
143
142
126
141
136
146
139
165
151
135
157
153
165
147
150
166
162
181
162
170
164
179
166
182
167
169
170
164
198
164
195
180
164
179
167
153
163
176
160
173
141
159
170
173
171
158
151
157
157
130
156
143
126
124
149
147
121
162
136
125
109
106
128
118
109
119
119
107
85
111
96
88
109
104
107
92
79
85
75
72
81
88
75
70
77
64
70
73
51
66
79
73
52
59
64
65
48
66
56
72
51
50
64
65
62
50
56
49
50
48
54
46
41
44
35
46
50
37
51
42
53
52
33
51
40
39
40
57
54
46
51
45
58
41
60
49
46
32
49
44
37
47
40
48
43
51
37
43
36
49
47
50
39
28
44
40
42
44
36
49
48
27
39
36
46
46
45
54
55
52
53
43
55
37
43
55
41
43
54
50
38
37
48
50
46
46
41
48
32
43
52
49
46
28
40
42
42
38
47
46
47
51
51
47
38
49
45
43
47
46
47
43
40
39
44
29
42
63
42
52
38
44
48
40
44
46
49
43
53
40
45
49
43
43
43
49
52
42
44
43
62
46
43
49
49
47
48
36
44
47
39
37
50
34
49
49
50
46
57
48
36
43
46
55
51
53
41
47
48
47
50
43
51
53
43
50
42
50
45
54
46
51
37
50
44
42
36
56
35
46
49
36
47
42
57
49
37
49
45
60
49
39
37
47
36
38
44
40
46
34
37
50
40
49
46
26
31
51
55
37
40
41
42
48
52
37
38
43
52
53
40
57
27
38
43
34
60
55
36
35
37
36
49
50
34
42
42
33
45
40
36
41
32
44
39
44
34
41
44
38
45
36
38
34
40
45
49
42
40
34
42
42
32
22
32
43
37
38
37
42
32
40
33
39
46
35
43
23
39
24
29
26
33
31
29
45
35
33
41
32
34
22
38
42
34
39
34
30
30
33
44
37
30
41
38
34
26
31
31
30
26
24
34
24
34
26
22
32
37
22
30
44
21
41
31
36
32
32
35
36
19
32
27
31
30
32
24
39
36
27
16
24
24
21
27
19
22
37
23
21
44
33
18
38
26
22
34
39
31
30
40
29
28
23
24
31
29
29
32
30
26
29
29
46
19
35
36
27
32
30
31
23
30
30
29
35
24
34
27
36
31
22
29
27
35
25
15
20
34
21
24
23
25
31
34
33
33
24
19
29
25
29
29
26
31
25
30
29
31
26
28
24
25
23
20
24
24
17
27
29
11
22
23
19
24
29
27
18
22
22
19
23
21
25
20
19
27
25
23
22
22
27
26
29
18
15
21
25
28
25
18
19
26
27
21
25
22
18
19
24
21
17
25
21
23
15
27
23
14
24
27
25
17
20
25
9
23
26
18
27
20
12
24
25
20
13
15
22
26
17
20
19
24
19
20
19
14
19
19
26
12
13
19
12
20
14
13
19
19
18
13
17
13
17
16
20
14
14
20
18
21
20
16
17
14
19
17
21
14
13
20
16
16
20
15
12
15
15
13
18
13
15
21
10
16
16
22
9
17
21
19
18
18
15
22
9
19
13
22
17
15
12
11
20
7
12
11
27
13
15
13
17
10
10
19
20
12
12
17
26
23
17
16
9
20
13
17
14
12
13
10
12
12
13
16
15
12
13
21
17
14
15
15
21
12
14
14
10
11
16
8
16
16
7
16
13
15
10
16
15
18
13
14
19
10
15
14
6
17
8
13
12
17
16
9
12
20
8
9
15
7
9
15
10
11
15
11
16
7
10
14
11
12
19
12
12
12
16
11
9
7
9
12
10
6
9
17
8
17
12
11
10
16
11
11
8
7
9
8
12
11
9
10
15
8
11
11
12
14
8
12
10
11
11
10
10
13
7
14
9
6
12
7
9
9
8
11
7
14
10
7
10
8
10
7
12
6
10
9
13
17
8
8
7
7
10
12
3
14
6
4
10
13
10
10
8
6
9
12
8
6
14
12
8
17
11
10
6
3
8
11
12
5
14
10
5
3
11
12
7
12
9
7
8
9
16
4
8
7
8
8
4
6
6
11
10
5
9
7
12
8
6
9
16
12
3
9
11
10
11
7
6
11
8
9
6
10
8
11
10
9
17
6
8
4
5
6
12
9
9
4
12
10
6
15
7
8
7
6
9
13
6
3
10
7
4
12
7
12
7
10
8
6
8
9
6
6
6
8
5
4
6
9
8
2
6
2
6
8
6
9
12
7
6
6
11
9
10
7
12
5
7
10
7
5
4
9
10
10
7
5
6
4
10
6
5
7
8
4
6
8
4
8
4
4
4
9
6
3
9
8
4
9
10
11
8
7
10
4
5
5
12
5
7
6
6
11
8
8
9
6
3
6
8
4
5
9
12
7
6
6
8
7
6
3
6
9
8
6
2
4
5
6
3
4
7
11
7
5
8
7
4
7
7
7
2
4
4
5
7
6
7
4
8
7
5
1
4
5
5
6
3
4
3
7
5
2
3
3
3
6
4
6
9
5
8
6
5
7
5
7
6
5
6
9
5
4
3
9
4
2
4
2
2
5
5
9
5
3
7
7
4
6
6
5
9
5
9
6
2
6
3
1
3
6
8
6
5
8
3
13
4
6
1
7
6
3
3
5
5
2
7
3
4
3
3
6
5
4
5
3
5
5
2
6
6
6
4
4
5
4
3
9
5
7
3
3
4
2
3
4
2
4
4
5
3
4
8
6
7
2
8
3
7
7
4
1
4
0
2
2
5
5
5
6
5
0
6
3
6
5
6
2
4
5
3
7
3
6
5
5
5
5
4
4
4
6
3
7
3
6
5
2
4
2
3
8
4
7
3
4
6
6
3
3
8
4
3
0
6
3
4
4
3
3
3
5
6
4
0
8
5
8
3
6
6
3
5
3
6
1
3
4
5
5
5
3
6
5
7
7
2
4
3
5
7
2
4
9
3
3
3
5
4
4
5
2
5
5
2
2
2
3
1
3
2
8
4
4
5
3
2
1
4
5
2
3
1
6
1
3
5
4
2
6
2
4
2
5
4
2
4
3
1
3
4
2
1
1
4
1
3
4
1
4
2
2
3
3
3
3
6
2
1
2
4
1
1
4
3
5
3
6
2
3
8
2
4
2
4
8
5
3
3
0
3
2
2
3
4
6
2
3
6
1
3
5
2
6
4
2
3
1
4
6
2
3
2
2
5
4
2
2
1
3
3
1
3
2
7
4
5
3
3
1
4
1
5
1
4
1
0
4
3
3
1
2
2
4
5
4
7
3
1
4
6
1
2
5
3
2
4
1
3
2
3
0
2
2
4
3
4
4
2
3
5
5
1
3
1
3
5
7
0
5
4
3
2
2
3
2
2
6
4
2
5
1
3
5
2
3
4
4
2
4
5
5
0
2
1
4
3
2
2
2
6
3
3
6
2
2
4
4
3
2
3
6
2
3
1
2
3
3
0
4
2
5
4
1
2
1
6
3
3
4
4
4
3
6
2
2
4
1
2
2
1
3
3
4
5
3
2
4
4
2
1
4
1
3
4
2
3
5
4
4
3
3
4
2
2
4
1
3
1
2
1
1
3
6
3
5
3
1
4
4
6
4
1
4
8
2
4
1
2
2
4
2
3
1
4
1
8
5
0
1
1
3
3
5
3
3
2
4
3
3
1
1
2
4
2
3
2
1
5
2
3
1
7
1
4
2
5
3
1
4
1
4
1
7
0
6
2
4
5
4
0
2
4
5
3
4
2
2
5
0
2
2
1
8
6
1
1
4
5
1
2
0
3
2
4
2
2
1
4
1
5
3
5
1
1
1
2
6
3
5
1
1
2
3
3
2
4
1
2
2
3
4
2
5
4
3
3
4
2
3
1
4
1
1
3
1
2
1
3
3
6
2
2
5
2
4
1
5
2
1
2
6
3
2
3
2
1
6
2
1
0
5
1
0
2
5
2
2
1
1
1
6
5
1
1
1
1
3
3
0
2
1
6
2
3
1
1
3
7
4
1
4
1
5
2
1
2
2
0
1
1
4
9
5
3
3
3
3
0
2
4
2
4
2
5
4
4
1
2
0
1
1
1
0
5
0
7
3
2
0
6
2
4
1
2
0
4
3
3
2
2
3
1
1
2
2
3
5
2
0
2
3
1
2
1
1
5
2
3
1
0
1
4
4
5
2
3
2
2
3
0
6
4
2
0
3
1
5
2
3
3
5
1
1
2
3
2
2
0
1
3
3
1
1
8
5
3
2
4
1
6
2
6
1
2
4
3
2
2
2
1
1
1
4
1
2
4
2
4
2
0
4
1
3
1
4
2
1
5
2
3
1
0
4
4
2
3
5
2
2
5
5
5
0
4
2
3
1
4
3
2
5
4
4
3
2
2
2
2
3
2
2
3
4
3
4
5
3
5
3
1
6
2
5
1
5
2
5
1
8
5
3
5
1
5
3
3
1
2
3
3
4
5
1
5
4
2
4
9
4
2
4
7
12
4
8
4
1
6
5
4
3
9
5
5
5
2
4
8
7
3
4
8
3
5
3
5
4
7
6
9
5
4
2
3
0
7
5
5
5
2
7
8
7
4
7
5
7
11
6
8
10
10
7
9
10
2
10
6
9
8
3
9
4
7
9
5
4
8
6
7
7
14
4
9
13
4
9
5
12
7
12
14
5
12
9
14
10
6
20
11
17
12
10
8
19
12
6
10
18
13
12
10
16
11
16
17
14
11
18
14
23
13
25
19
25
21
17
21
18
16
17
25
25
16
18
25
22
26
24
26
20
27
28
30
31
22
25
24
25
30
27
32
34
34
24
35
38
43
42
37
37
45
41
32
28
29
45
35
36
26
33
26
31
28
19
24
18
15
15
13
12
8
9
5
8
6
1
2
2
2
2
1
1
1
0
0
0
0
1
0
0
0
1
0
0
0
0
0
0
0
0
0
0
0
0
0
0
0
0
0
0
0
0
0
0
0
0
0
0
0
0
0
0
0
0
0
0
0
0
0
0
0
0
0
0
0
0
0
0
0
0
0
1
0
0
0
0
0
0
0
0
0
0
0
0
0
1
0
1
0
0
0
0
0
0
0
0
0
0
0
0
0
0
0
0
0
0
0
0
0
0
0
0
0
0
0
0
0
0
0
0
0
0
0
0
0
0
0
0
0
0
0
0
0
0
0
0
0
0
0
0
0
0
0
0
0
0
0
0
0
0
0
0
0
0
0
0
0
0
0
0
0
0
0
0
0
0
0
0
0
0
0
0
0
0
0
0
0
0
0
0
0
0
0
0
0
0
0
0
0
0
0
0
0
0
0
0
0
0
0
0
0
0
0
0
0
0
0
0
0
0
0
0
0
0
0
0
0
0
0
0
0
0
0
0
0
0
0
0
0
0
0
0
0
0
0
0
0
0
0
0
0
0
0
0
0
0
0
0
0
0
0
0
0
0
0
0
0
0
0
0
0
0
0
0
0
0
0
0
0
0
0
0
0
0
0
0
0
0
0
0
0
0
0
0
0
0
0
0
0
0
0
0
0
0
0
0
0
0
0
0
0
0
0
0
0
0
0
0
0
0
0
0
0
0
0
0
0
0
0
0
0
0
0
0
0
0
0
0
0
0
0
0
0
0
0
0
0
0
0
0
0
0
0
0
0
0
0
0
0
0
0
0
0
0
0
0
0
0
0
0
0
0
0
0
0
0
0
0
0
0
0
0
0
0
0
0
0
0
0
0
0
0
0
0
0
0
0
0
0
0
0
0
0
0
0
0
0
0
0
0
0
0
0
0
0
0
0
0
0
0
0
0
0
0
0
0
0
0
0
0
0
0
0
0
0
0
0
0
0
0
0
0
0
0
0
0
0
0
0
0
0
0
0
0
0
0
0
0
0
0
0
0
0
0
0
0
0
0
0
0
0
0
0
0
0
0
0
0
0
0
0
0
0
0
0
0
0
0
0
0
0
0
0
0
0
0
0
0
0
0
0
0
0
0
0
0
0
0
0
0
0
0
0
0
0
0
0
0
0
0
0
0
0
0
0
0
0
0
0
0
0
0
0
0
0
0
0
0
0
0
0
0
0
0
0
0
0
0
0
0
0
0
0
0
0
0
0
0
0
0
0
0
0
0
0
0
0
0
0
0
0
0
0
0
0
0
0
0
0
0
0
0
0
0
0
0
0
0
0
0
0
0
0
0
0
0
0
0
0
0
0
0
0
0
0
0
0
0
0
0
0
0
0
0
0
0
0
0
0
0
0
0
0
0
0
0
0
0
0
0
0
0
0
0
0
0
0
0
0
0
0
0
0
0
0
0
0
0
0
0
0
0
0
0
0
0
0
0
0
0
0
0
0
0
0
0
0
0
0
0
0
0
0
0
0
0
0
0
0
0
0
0
0
0
0
0
0
0
0
0
0
0
0
0
0
0
0
0
0
0
0
0
0
0
0
0
0
0
0
0
0
0
0
0
0
0
0
0
0
0
0
0
0
0
0
0
0
0
0
0
0
0
0
0
0
0
0
0
0
0
0
0
0
0
0
0
0
0
0
0
0
0
0
0
0
0
0
0
0
0
0
0
0
0
0
0
0
0
0
0
0
0
0
0
0
0
0
0
0
0
0
0
0
0
0
0
0
0
0
0
0
0
0
0
0
0
0
0
0
0
0
0
0
0
0
0
0
0
0
0
0
0
0
0
0
0
0
0
0
0
0
0
0
0
0
0
0
0
0
0
0
0
0
0
0
0
0
0
0
0
0
0
0
0
0
0
0
0
0
0
0
0
0
0
0
0
0
0
0
0
0
0
0
0
0
0
0
0
0
0
0
0
0
0
0
0
0
0
0
0
0
0
0
0
0
0
0
0
0
0
0
0
0
0
0
0
0
0
0
0
0
0
0
0
0
0
0
0
0
0
0
0
0
0
0
0
0
0
0
0
0
0
0
0
0
0
0
0
0
0
0
0
0
0
0
0
0
0
0
0
0
0
0
0
0
0
0
0
0
0
0
0
0
0
0
0
0
0
0
0
0
0
0
0
0
0
0
0
0
0
0
0
0
0
0
0
0
0
0
0
0
0
0
0
0
0
0
0
0
0
0
0
0
0
0
0
0
0
0
0
0
0
0
0
0
0
0
0
0
0
0
0
0
0
0
0
0
0
0
0
0
0
0
0
0
0
0
0
0
0
0
0
0
0
0
0
0
0
0
0
0
0
0
0
0
0
0
0
0
0
0
0
0
0
0
0
0
0
0
0
0
0
0
0
0
0
0
0
0
0
0
0
0
0
0
0
0
0
0
0
0
0
0
0
0
0
0
0
0
0
0
0
0
0
0
0
0
0
0
0
0
0
0
0
0
0
0
0
0
0
0
0
0
0
0
0
0
0
0
0
0
0
0
0
0
0
0
0
0
0
0
0
0
0
0
0
0
0
0
0
0
0
0
0
0
0
0
0
0
0
0
0
0
0
0
0
0
0
0
0
0
0
0
0
0
0
0
0
0
0
0
0
0
0
0
0
0
0
0
0
0
0
0
0
0
0
0
0
0
0
0
0
0
0
0
0
0
0
0
0
0
0
0
0
0
0
0
0
0
0
0
0
0
0
0
0
0
0
0
0
0
0
0
0
0
0
0
0
0
0
0
0
0
0
0
0
0
0
0
0
0
0
0
0
0
0
0
0
0
0
0
0
0
0
0
0
0
0
0
0
0
0
0
0
0
0
0
0
0
0
0
0
0
0
0
0
0
0
0
0
0
0
0
0
0
0
0
0
0
0
0
0
0
0
0
0
0
0
0
0
0
0
0
0
0
0
0
0
0
0
0
0
0
0
0
0
0
0
0
0
0
0
0
0
0
0
0
0
0
0
0
0
0
0
0
0
0
0
0
0
0
0
0
0
0
0
0
0
0
0
0
0
0
0
0
0
0
0
0
0
0
0
0
0
0
0
0
0
0
0
0
0
0
0
0
0
0
0
0
0
0
0
0
0
0
0
0
0
0
0
0
0
0
0
0
0
0
0
0
0
0
0
0
0
0
0
0
0
0
0
0
0
0
0
0
0
0
0
0
0
0
0
0
0
0
0
0
0
0
0
0
0
0
0
0
0
0
0
0
0
0
0
0
0
0
0
0
0
0
0
0
0
0
0
0
0
0
0
0
0
0
0
0
0
0
0
0
0
0
0
0
0
0
0
0
0
0
0
0
0
0
0
0
0
0
0
0
0
0
0
0
0
0
0
0
0
0
0
0
0
0
0
0
0
0
0
0
0
0
0
0
0
0
0
0
0
0
0
0
0
0
0
0
0
0
0
0
0
0
0
0
0
0
0
0
0
0
0
0
0
0
0
0
0
0
0
0
0
0
0
0
0
0
0
0
0
0
0
0
0
0
0
0
0
0
0
0
0
0
0
0
0
0
0
0
0
0
0
0
0
0
0
0
0
0
0
0
0
0
0
0
0
0
0
0
0
0
0
0
0
0
0
0
0
0
0
0
0
0
0
0
0
0
0
0
0
0
0
0
0
0
0
0
0
0
0
0
0
0
0
0
0
0
0
0
0
0
0
0
0
0
0
0
0
0
0
0
0
0
0
0
0
0
0
0
0
0
0
0
0
0
0
0
0
0
0
0
0
0
0
0
0
0
0
0
0
0
0
0
0
0
0
0
0
0
0
0
0
0
0
0
0
0
0
0
0
0
0
0
0
0
0
0
0
0
0
0
0
0
0
0
0
0
0
0
0
0
0
0
0
0
0
0
0
0
0
0
0
0
0
0
0
0
0
0
0
0
0
0
0
0
0
0
0
0
0
0
0
0
0
0
0
0
0
0
0
0
0
0
0
0
0
0
0
0
0
0
0
0
0
0
0
0
0
0
0
0
0
0
0
0
0
0
0
0
0
0
0
0
0
0
0
0
0
0
0
0
0
0
0
0
0
0
0
<<END>>
