0
0
0
0
0
0
0
0
0
0
0
0
0
0
0
0
0
0
0
0
0
0
735
7812
8497
6436
4614
3306
2134
1496
988
642
419
281
192
133
100
64
53
51
33
44
36
22
36
34
31
36
24
41
26
32
29
44
32
39
36
35
35
38
37
34
28
45
40
47
35
52
39
34
29
47
47
53
46
46
44
41
34
52
40
33
42
34
43
37
43
42
54
45
50
45
31
43
42
33
28
45
36
32
45
36
33
35
42
46
36
47
38
33
32
43
27
37
28
34
37
35
40
34
29
47
49
42
29
39
42
37
33
25
42
43
37
42
43
49
46
47
49
43
41
43
38
59
59
40
58
46
55
50
58
60
58
63
66
69
70
72
68
69
77
69
86
73
79
71
79
74
86
84
97
84
103
96
94
109
79
89
109
108
104
96
95
108
105
106
113
113
111
118
117
120
99
117
112
113
115
143
129
124
117
133
116
132
136
135
137
128
127
127
105
131
102
116
134
127
110
123
126
113
135
142
97
106
103
114
111
136
107
119
116
103
113
114
99
117
96
92
111
86
104
82
93
96
85
92
77
83
95
79
80
79
90
96
67
95
72
63
72
70
59
72
76
58
54
66
61
72
49
46
71
56
61
52
58
54
58
67
63
43
49
42
56
55
49
56
52
39
42
48
56
50
44
59
45
44
33
41
60
54
40
39
53
39
55
37
37
52
37
47
51
48
40
55
54
58
42
44
63
40
47
46
57
39
44
58
50
41
51
40
51
50
43
37
50
45
43
37
41
48
64
32
42
36
54
49
48
36
48
41
48
46
49
49
41
48
45
49
41
59
46
48
52
51
43
47
55
54
49
47
59
48
41
56
42
37
53
42
36
44
64
40
50
37
50
45
50
40
46
48
52
48
44
47
46
46
51
43
35
55
51
57
49
59
44
41
52
48
44
51
56
36
32
53
52
33
55
32
56
46
55
36
44
45
50
56
51
47
41
36
51
46
48
62
42
39
43
43
46
48
46
38
42
37
42
55
39
47
40
43
43
43
46
43
41
53
40
41
26
35
50
39
42
50
34
50
38
44
44
35
49
47
47
46
57
48
35
39
43
49
39
37
36
45
33
43
52
38
47
43
37
32
38
34
47
54
45
39
31
48
40
46
45
31
59
31
42
45
45
35
37
37
37
40
33
41
44
36
44
30
47
46
37
34
31
37
47
40
40
39
36
49
37
36
44
32
35
33
40
35
38
32
32
32
42
36
36
37
42
26
28
31
30
48
41
34
35
29
36
31
39
40
34
32
40
28
46
42
37
48
35
23
43
33
49
39
30
34
34
26
27
39
30
31
28
34
31
40
40
25
42
36
30
32
33
25
37
44
27
31
39
35
37
29
30
25
33
29
33
36
29
38
47
34
22
27
29
31
26
29
32
33
32
33
29
39
27
32
35
24
32
31
27
19
24
32
34
25
27
27
24
24
37
34
29
31
32
26
23
29
31
43
24
29
25
27
18
24
28
32
27
20
28
28
32
24
26
26
29
18
27
21
26
20
27
29
28
28
27
24
20
26
14
28
25
28
23
28
32
18
26
31
27
20
23
29
28
30
28
28
22
19
28
22
29
25
21
16
34
26
26
21
22
28
24
28
27
23
22
27
18
24
21
22
21
28
21
15
17
19
14
21
22
30
19
26
21
21
20
17
20
20
27
26
18
26
27
17
24
14
20
22
19
20
31
25
23
25
15
13
20
21
23
21
25
18
20
25
25
22
19
23
11
22
13
18
17
22
20
20
29
21
13
21
23
19
24
22
14
27
19
16
21
20
18
15
23
21
16
14
18
20
16
17
20
18
18
19
16
20
16
23
19
28
23
23
22
16
9
19
11
19
17
25
19
17
15
18
17
18
19
15
15
17
20
17
21
12
17
10
17
13
22
20
16
17
13
12
19
18
19
11
17
9
17
14
18
16
15
14
11
7
9
16
21
17
8
17
15
6
9
21
10
13
10
11
16
15
14
13
14
11
13
12
13
13
17
11
14
17
10
17
14
8
16
12
9
11
17
9
10
11
14
18
10
15
16
14
10
15
13
14
10
12
14
15
17
16
16
17
10
12
10
14
7
12
12
14
14
15
14
10
9
12
13
13
10
5
12
17
12
9
11
11
11
16
16
9
14
11
13
8
13
8
12
9
13
8
12
13
19
10
10
9
20
8
8
11
12
11
14
9
13
16
14
14
13
12
12
10
13
9
7
11
14
11
11
15
11
11
14
15
2
15
13
6
4
10
14
10
10
12
8
10
3
9
10
13
10
7
9
13
12
12
14
11
8
10
14
5
4
8
9
16
11
8
6
6
2
8
11
14
14
5
9
10
7
6
14
6
9
17
10
7
10
7
6
10
14
14
8
12
10
10
8
8
6
11
7
9
13
10
8
10
16
12
11
6
9
6
6
6
11
12
7
14
6
8
11
7
11
9
12
3
15
7
11
11
6
7
9
7
9
4
4
14
9
5
2
6
7
6
9
11
3
9
13
11
6
9
7
9
2
11
4
6
4
8
14
9
9
9
7
11
8
13
3
9
5
10
2
6
7
7
8
12
9
8
9
10
9
8
6
8
7
2
4
9
13
4
12
3
11
4
5
6
4
7
8
9
7
6
6
4
8
5
4
7
8
6
4
10
10
5
6
8
6
11
4
9
10
12
7
8
12
4
5
8
10
7
10
12
3
5
2
5
9
7
4
5
8
8
5
5
9
5
7
6
1
5
7
8
7
3
5
5
6
12
4
5
4
6
4
10
2
6
4
6
8
7
4
3
7
8
6
4
5
4
7
4
10
4
10
5
10
3
9
3
9
6
4
7
4
3
2
7
7
6
6
7
7
4
5
5
8
10
4
6
5
5
3
4
4
5
5
3
6
3
5
5
4
2
4
2
5
6
3
7
4
5
4
9
7
2
3
7
6
1
3
6
2
3
4
5
8
7
8
5
7
5
7
4
5
7
6
8
6
5
5
3
5
0
8
5
3
0
2
2
5
4
2
6
3
7
5
6
6
5
3
1
4
4
5
4
5
5
7
3
4
6
5
2
3
4
7
3
3
5
4
6
3
4
3
7
6
6
1
5
2
5
5
5
0
6
4
4
2
6
3
6
6
5
5
2
5
4
2
1
7
9
3
4
4
3
7
4
4
3
4
4
3
3
4
1
2
5
7
3
6
1
5
2
1
7
3
1
3
5
5
4
6
4
7
4
3
2
6
5
4
7
3
2
5
6
1
1
3
2
11
4
2
6
0
4
3
3
6
3
8
6
3
4
1
5
5
2
3
2
4
1
2
1
1
1
3
2
3
6
3
3
7
3
3
3
2
5
5
1
2
7
3
5
5
1
3
4
3
0
3
3
2
5
3
4
2
3
3
5
8
3
2
0
3
7
5
3
3
2
3
4
4
6
3
4
3
3
6
5
2
1
9
2
4
5
3
1
6
3
1
2
2
0
7
3
5
2
9
3
0
2
4
5
4
4
1
3
1
1
4
4
3
4
4
1
2
5
5
2
0
4
5
6
2
2
1
2
5
4
2
1
4
4
4
1
3
6
0
4
4
3
1
3
6
3
3
2
1
2
0
7
5
2
4
1
1
3
5
4
4
2
2
1
4
1
2
3
6
5
2
2
4
1
1
4
4
5
2
3
6
5
3
3
3
0
3
4
3
2
1
1
4
3
2
2
3
1
3
5
2
3
3
4
2
4
2
3
3
3
1
3
4
0
2
0
3
4
3
4
6
7
1
2
8
3
2
4
4
1
1
2
0
3
0
4
3
1
4
5
10
1
4
4
3
2
2
4
3
3
4
3
4
4
0
7
7
5
3
7
3
2
4
3
4
2
3
1
1
1
1
3
2
1
4
2
2
2
1
4
3
0
2
1
5
2
3
2
4
3
2
3
3
4
2
2
2
0
4
4
2
1
5
1
3
0
3
2
7
3
2
2
5
2
6
7
1
2
0
4
2
3
4
0
5
0
1
1
2
2
1
5
5
1
1
6
2
3
2
0
4
1
1
4
3
4
3
1
1
4
2
0
3
5
3
1
1
4
3
2
1
3
1
3
2
5
0
5
3
4
3
1
2
1
2
0
2
4
6
1
4
3
2
1
3
1
1
1
2
3
0
1
3
3
1
1
0
1
3
1
4
4
3
2
3
0
4
4
1
5
3
6
1
1
1
2
2
3
5
2
0
4
0
1
1
2
5
3
5
2
4
1
1
2
0
0
5
4
2
3
1
2
3
2
3
2
2
5
1
2
2
2
1
4
1
6
1
1
0
4
1
2
2
4
1
1
2
2
1
1
3
5
1
3
4
3
2
4
1
4
3
1
4
2
3
0
2
0
2
3
4
6
2
2
2
4
5
5
4
3
4
2
2
1
2
3
4
4
0
3
5
3
1
1
2
5
3
2
0
1
3
4
0
0
1
2
3
5
0
1
2
3
0
6
2
4
0
0
2
1
2
5
1
1
1
5
1
2
3
2
2
2
2
0
4
4
1
1
5
2
3
1
1
2
3
4
2
2
2
2
2
2
8
0
0
1
2
2
3
1
2
0
2
2
2
0
2
2
2
3
3
1
1
3
2
0
4
1
7
2
4
2
1
6
5
4
4
0
4
3
1
3
4
0
3
3
4
2
5
5
1
6
5
2
0
2
3
2
5
2
1
5
2
1
0
3
7
5
5
4
1
2
4
2
2
4
2
3
4
7
2
1
4
3
2
1
4
2
6
1
7
4
2
7
4
0
2
2
4
4
7
2
8
5
5
4
3
2
4
3
2
5
3
2
5
6
2
2
3
4
1
5
3
3
8
3
5
4
5
2
3
2
4
9
6
4
8
8
3
4
7
7
10
6
3
3
10
4
7
3
2
4
10
6
2
11
5
5
3
3
3
5
6
11
8
8
7
8
5
8
6
5
8
7
7
10
12
9
10
8
6
3
7
13
5
6
12
4
8
6
9
6
8
11
11
10
10
7
17
6
11
8
5
10
10
8
9
6
8
12
18
12
8
13
12
10
16
12
15
13
10
14
12
16
13
9
10
12
18
14
17
13
17
14
16
17
13
20
22
21
18
24
21
32
22
26
21
22
15
21
28
25
26
21
25
26
30
33
32
27
25
37
31
33
28
39
29
34
43
34
37
42
44
30
30
30
31
40
38
36
37
19
29
34
26
22
25
16
19
12
17
13
12
9
7
9
7
7
5
3
2
1
0
2
0
0
1
0
0
0
1
0
1
0
1
1
0
0
0
1
1
0
0
0
0
0
0
0
0
0
0
0
0
1
0
0
1
0
0
0
0
0
0
0
0
0
0
0
0
0
0
0
0
0
1
0
0
0
1
0
0
0
0
0
0
0
0
0
1
0
0
0
0
0
0
0
0
0
0
0
0
0
1
0
0
0
0
0
0
0
0
0
0
0
0
0
0
0
0
0
0
0
0
0
0
0
0
0
0
0
0
0
0
0
0
0
0
0
0
0
0
0
0
0
0
0
0
0
0
0
0
0
0
0
0
0
0
0
0
0
0
0
0
0
0
0
0
0
0
0
0
0
0
0
0
0
0
0
0
0
0
0
0
0
0
0
0
0
0
0
0
0
0
0
0
0
0
0
0
0
0
0
0
0
0
0
0
0
0
0
0
0
0
0
0
0
0
0
0
0
0
0
0
0
0
0
0
0
0
0
0
0
0
0
0
0
0
0
0
0
0
0
0
0
0
0
0
0
0
0
0
0
0
0
0
0
0
0
0
0
0
0
0
0
0
0
0
0
0
0
0
0
0
0
0
0
0
0
0
0
0
0
0
0
0
0
0
0
0
0
0
0
0
0
0
0
0
0
0
0
0
0
0
0
0
0
0
0
0
0
0
0
0
0
0
0
0
0
0
0
0
0
0
0
0
0
0
0
0
0
0
0
0
0
0
0
0
0
0
0
0
0
0
0
0
0
0
0
0
0
0
0
0
0
0
0
0
0
0
0
0
0
0
0
0
0
0
0
0
0
0
0
0
0
0
0
0
0
0
0
0
0
0
0
0
0
0
0
0
0
0
0
0
0
0
0
0
0
0
0
0
0
0
0
0
0
0
0
0
0
0
0
0
0
0
0
0
0
0
0
0
0
0
0
0
0
0
0
0
0
0
0
0
0
0
0
0
0
0
0
0
0
0
0
0
0
0
0
0
0
0
0
0
0
0
0
0
0
0
0
0
0
0
0
0
0
0
0
0
0
0
0
0
0
0
0
0
0
0
0
0
0
0
0
0
0
0
0
0
0
0
0
0
0
0
0
0
0
0
0
0
0
0
0
0
0
0
0
0
0
0
0
0
0
0
0
0
0
0
0
0
0
0
0
0
0
0
0
0
0
0
0
0
0
0
0
0
0
0
0
0
0
0
0
0
0
0
0
0
0
0
0
0
0
0
0
0
0
0
0
0
0
0
0
0
0
0
0
0
0
0
0
0
0
0
0
0
0
0
0
0
0
0
0
0
0
0
0
0
0
0
0
0
0
0
0
0
0
0
0
0
0
0
0
0
0
0
0
0
0
0
0
0
0
0
0
0
0
0
0
0
0
0
0
0
0
0
0
0
0
0
0
0
0
0
0
0
0
0
0
0
0
0
0
0
0
0
0
0
0
0
0
0
0
0
0
0
0
0
0
0
0
0
0
0
0
0
0
0
0
0
0
0
0
0
0
0
0
0
0
0
0
0
0
0
0
0
0
0
0
0
0
0
0
0
0
0
0
0
0
0
0
0
0
0
0
0
0
0
0
0
0
0
0
0
0
0
0
0
0
0
0
0
0
0
0
0
0
0
0
0
0
0
0
0
0
0
0
0
0
0
0
0
0
0
0
0
0
0
0
0
0
0
0
0
0
0
0
0
0
0
0
0
0
0
0
0
0
0
0
0
0
0
0
0
0
0
0
0
0
0
0
0
0
0
0
0
0
0
0
0
0
0
0
0
0
0
0
0
0
0
0
0
0
0
0
0
0
0
0
0
0
0
0
0
0
0
0
0
0
0
0
0
0
0
0
0
0
0
0
0
0
0
0
0
0
0
0
0
0
0
0
0
0
0
0
0
0
0
0
0
0
0
0
0
0
0
0
0
0
0
0
0
0
0
0
0
0
0
0
0
0
0
0
0
0
0
0
0
0
0
0
0
0
0
0
0
0
0
0
0
0
0
0
0
0
0
0
0
0
0
0
0
0
0
0
0
0
0
0
0
0
0
0
0
0
0
0
0
0
0
0
0
0
0
0
0
0
0
0
0
0
0
0
0
0
0
0
0
0
0
0
0
0
0
0
0
0
0
0
0
0
0
0
0
0
0
0
0
0
0
0
0
0
0
0
0
0
0
0
0
0
0
0
0
0
0
0
0
0
0
0
0
0
0
0
0
0
0
0
0
0
0
0
0
0
0
0
0
0
0
0
0
0
0
0
0
0
0
0
0
0
0
0
0
0
0
0
0
0
0
0
0
0
0
0
0
0
0
0
0
0
0
0
0
0
0
0
0
0
0
0
0
0
0
0
0
0
0
0
0
0
0
0
0
0
0
0
0
0
0
0
0
0
0
0
0
0
0
0
0
0
0
0
0
0
0
0
0
0
0
0
0
0
0
0
0
0
0
0
0
0
0
0
0
0
0
0
0
0
0
0
0
0
0
0
0
0
0
0
0
0
0
0
0
0
0
0
0
0
0
0
0
0
0
0
0
0
0
0
0
0
0
0
0
0
0
0
0
0
0
0
0
0
0
0
0
0
0
0
0
0
0
0
0
0
0
0
0
0
0
0
0
0
0
0
0
0
0
0
0
0
0
0
0
0
0
0
0
0
0
0
0
0
0
0
0
0
0
0
0
0
0
0
0
0
0
0
0
0
0
0
0
0
0
0
0
0
0
0
0
0
0
0
0
0
0
0
0
0
0
0
0
0
0
0
0
0
0
0
0
0
0
0
0
0
0
0
0
0
0
0
0
0
0
0
0
0
0
0
0
0
0
0
0
0
0
0
0
0
0
0
0
0
0
0
0
0
0
0
0
0
0
0
0
0
0
0
0
0
0
0
0
0
0
0
0
0
0
0
0
0
0
0
0
0
0
0
0
0
0
0
0
0
0
0
0
0
0
0
0
0
0
0
0
0
0
0
0
0
0
0
0
0
0
0
0
0
0
0
0
0
0
0
0
0
0
0
0
0
0
0
0
0
0
0
0
0
0
0
0
0
0
0
0
0
0
0
0
0
0
0
0
0
0
0
0
0
0
0
0
0
0
0
0
0
0
0
0
0
0
0
0
0
0
0
0
0
0
0
0
0
0
0
0
0
0
0
0
0
0
0
0
0
0
0
0
0
0
0
0
0
0
0
0
0
0
0
0
0
0
0
0
0
0
0
0
0
0
0
0
0
0
0
0
0
0
0
0
0
0
0
0
0
0
0
0
0
0
0
0
0
0
0
0
0
0
0
0
0
0
0
0
0
0
0
0
0
0
0
0
0
0
0
0
0
0
0
0
0
0
0
0
0
0
0
0
0
0
0
0
0
0
0
0
0
0
0
0
0
0
0
0
0
0
0
0
0
0
0
0
0
0
0
0
0
0
0
0
0
0
0
0
0
0
0
0
0
0
0
0
0
0
0
0
0
0
0
0
0
0
0
0
0
0
0
0
0
0
0
0
0
0
0
0
0
0
0
0
0
0
0
0
0
0
0
0
0
0
0
0
0
0
0
0
0
0
0
0
0
0
0
0
0
0
0
0
0
0
0
0
0
0
0
0
0
0
0
0
0
0
0
0
0
0
0
0
0
0
0
0
0
0
0
0
0
0
0
0
0
0
0
0
0
0
0
0
0
0
0
0
0
0
0
0
0
0
0
0
0
0
0
0
0
0
0
0
0
0
0
0
0
0
0
0
0
0
0
0
0
0
0
0
0
0
0
0
0
0
0
0
0
0
0
0
0
0
0
0
0
0
0
0
0
0
0
0
0
0
0
0
0
0
0
0
0
0
0
0
0
0
0
0
0
0
0
0
0
0
0
0
0
0
0
0
0
0
0
0
0
0
0
0
0
0
0
0
0
0
0
0
0
0
0
0
0
0
0
0
0
0
0
0
0
0
0
0
0
0
0
0
0
0
0
0
0
0
0
0
0
0
0
0
0
0
0
0
0
0
0
0
0
0
0
0
0
0
0
0
0
0
0
0
0
0
0
0
0
0
0
0
0
0
0
0
0
0
0
0
0
0
0
0
0
0
0
0
0
<<END>>
