996648
0
0
1
0
0
0
1
0
0
0
0
1
0
0
0
0
0
0
1
0
1
0
1
0
1
0
0
1
0
0
0
0
0
0
0
0
0
0
0
0
0
0
0
0
0
0
0
0
0
0
0
0
0
0
0
0
0
0
1
1
0
0
1
0
0
0
0
1
1
1
0
0
0
0
0
0
0
1
0
0
0
0
0
0
0
0
0
0
0
0
0
0
0
0
0
0
0
0
0
0
0
0
0
0
0
0
0
0
0
0
0
0
1
0
0
0
0
0
0
0
0
0
0
0
0
0
0
1
0
0
0
0
0
0
0
0
0
0
0
0
0
1
0
0
0
0
0
0
0
1
0
0
0
0
0
0
0
0
0
0
0
0
0
0
0
0
0
0
0
0
0
0
0
0
0
1
0
0
1
0
1
0
0
0
0
0
0
0
0
0
0
0
0
0
0
0
0
0
0
0
0
0
0
0
0
1
0
0
0
0
0
0
0
1
1
0
0
0
0
1
0
1
0
0
0
0
0
1
1
0
0
1
0
0
0
0
0
0
0
2
0
0
0
0
0
0
1
0
0
0
0
0
0
0
0
0
0
0
0
1
0
1
0
0
0
2
0
0
1
0
0
1
0
0
0
0
0
0
0
0
0
0
0
0
0
0
0
0
0
0
0
0
0
0
0
0
0
0
0
0
2
0
0
0
0
1
0
0
0
0
0
0
0
0
0
0
0
0
1
1
0
1
0
0
0
0
0
0
0
1
1
0
2
0
0
0
0
0
0
0
0
0
0
0
1
0
1
0
0
0
0
0
0
0
1
0
0
0
0
0
1
3
1
0
1
4
0
0
0
0
3
0
2
0
1
3
2
1
0
0
2
1
1
2
0
2
0
3
1
2
2
1
2
2
2
0
1
3
4
3
4
1
4
0
1
2
2
1
0
1
2
3
2
1
5
1
1
3
0
3
1
2
2
3
2
5
1
2
3
4
3
4
2
5
4
0
5
0
4
2
2
3
4
3
2
8
2
5
3
3
3
2
3
7
8
5
12
15
8
10
5
13
13
10
12
10
13
17
21
17
20
31
18
22
24
24
28
34
26
21
36
27
34
38
42
45
35
45
48
47
52
40
41
47
51
55
60
69
49
44
62
44
56
47
56
51
48
53
41
39
46
36
42
48
40
44
41
39
31
38
31
39
34
27
26
35
26
29
22
18
21
16
17
13
9
15
18
17
15
6
9
16
7
9
9
11
8
7
7
3
6
5
5
6
4
7
4
3
7
6
7
5
8
3
4
5
2
4
3
3
2
2
5
4
3
5
4
3
3
2
2
3
5
4
5
0
5
5
3
4
4
3
3
3
6
2
3
6
2
3
1
4
2
1
4
5
2
0
3
3
0
1
8
1
1
3
1
0
4
3
2
1
3
4
1
0
1
0
1
1
3
4
0
0
2
0
0
1
1
1
0
0
0
1
1
1
2
3
2
1
1
2
0
0
2
0
0
1
0
1
0
0
0
1
0
1
0
0
0
1
1
0
0
1
0
0
0
1
1
0
0
0
1
1
0
0
0
0
0
0
0
0
0
1
0
2
0
0
1
0
0
0
0
0
0
0
0
1
0
1
0
0
0
0
0
0
0
0
1
0
0
0
0
2
0
0
2
0
0
0
0
0
0
0
0
3
0
0
0
0
2
0
0
0
0
0
0
0
1
0
0
0
0
0
0
0
0
0
0
0
3
0
0
0
0
0
0
0
0
0
0
0
0
2
0
0
0
0
0
0
0
0
0
0
0
0
0
0
1
0
0
0
0
0
0
0
0
0
0
0
0
0
0
0
0
0
1
0
0
0
0
0
0
0
0
1
0
0
0
0
0
0
0
0
0
0
0
0
0
0
0
0
0
0
0
0
0
1
0
0
0
0
0
0
0
0
0
0
1
0
0
0
0
0
0
0
0
0
0
0
0
0
0
0
1
0
0
1
0
0
0
2
0
1
1
0
0
0
0
1
0
1
0
0
0
0
0
0
0
0
1
0
0
0
0
0
1
0
0
0
0
0
1
0
0
0
0
0
0
0
0
0
0
0
0
0
0
0
0
0
0
0
0
0
0
0
0
0
0
0
0
0
0
0
0
0
0
0
0
0
0
0
0
0
0
0
0
0
0
0
0
0
0
0
0
0
0
0
0
0
0
0
0
0
0
0
0
0
0
0
0
0
0
0
0
0
0
0
0
0
0
0
0
0
0
0
0
0
0
0
0
0
0
0
0
0
0
0
0
