37.6968230342
0.00037772046064
0.000574135100172
0.000747886512066
0.000661010806119
0.000789435762737
0.00078565855813
0.000747886512066
0.000574135100172
0.000645901987694
0.000691228442971
0.000547694667927
0.000441932938948
0.000494813803438
0.0004721505758
0.00041926971131
0.000385274869852
0.00028329034548
0.000298399163905
0.000249295504022
0.000203969048745
0.000253072708629
0.000158642593469
0.000154865388862
0.000139756570437
7.93212967343e-05
9.82073197663e-05
9.44301151599e-05
9.06529105535e-05
0.000139756570437
8.30985013407e-05
8.30985013407e-05
7.55440921279e-05
5.28808644895e-05
4.91036598832e-05
5.66580690959e-05
4.91036598832e-05
4.15492506704e-05
7.55440921279e-05
3.7772046064e-05
3.02176368512e-05
4.91036598832e-05
3.7772046064e-05
3.02176368512e-05
3.39948414576e-05
2.26632276384e-05
4.15492506704e-05
3.02176368512e-05
3.02176368512e-05
2.26632276384e-05
1.8886023032e-05
3.39948414576e-05
1.13316138192e-05
3.7772046064e-05
2.26632276384e-05
1.13316138192e-05
2.64404322448e-05
2.64404322448e-05
2.26632276384e-05
3.02176368512e-05
1.13316138192e-05
1.13316138192e-05
1.8886023032e-05
1.13316138192e-05
2.26632276384e-05
1.51088184256e-05
1.8886023032e-05
1.13316138192e-05
7.55440921279e-06
7.55440921279e-06
1.51088184256e-05
3.7772046064e-06
3.7772046064e-06
7.55440921279e-06
1.13316138192e-05
3.7772046064e-06
1.8886023032e-05
7.55440921279e-06
7.55440921279e-06
3.7772046064e-06
1.13316138192e-05
1.13316138192e-05
1.8886023032e-05
0.0
1.13316138192e-05
7.55440921279e-06
7.55440921279e-06
3.7772046064e-06
7.55440921279e-06
1.13316138192e-05
1.8886023032e-05
7.55440921279e-06
7.55440921279e-06
1.51088184256e-05
2.64404322448e-05
1.13316138192e-05
3.7772046064e-06
1.51088184256e-05
0.0
1.8886023032e-05
7.55440921279e-06
1.8886023032e-05
1.13316138192e-05
3.7772046064e-06
1.13316138192e-05
2.26632276384e-05
7.55440921279e-06
7.55440921279e-06
7.55440921279e-06
2.26632276384e-05
3.7772046064e-06
0.0
7.55440921279e-06
3.7772046064e-06
3.7772046064e-06
1.13316138192e-05
1.51088184256e-05
1.13316138192e-05
3.7772046064e-06
1.51088184256e-05
1.8886023032e-05
1.8886023032e-05
1.13316138192e-05
1.13316138192e-05
1.51088184256e-05
2.26632276384e-05
3.7772046064e-06
7.55440921279e-06
7.55440921279e-06
1.13316138192e-05
1.13316138192e-05
3.7772046064e-06
1.51088184256e-05
1.8886023032e-05
0.0
3.7772046064e-06
1.8886023032e-05
3.7772046064e-06
1.13316138192e-05
7.55440921279e-06
1.51088184256e-05
1.13316138192e-05
1.13316138192e-05
1.51088184256e-05
1.51088184256e-05
1.51088184256e-05
1.8886023032e-05
1.13316138192e-05
3.7772046064e-06
1.13316138192e-05
2.26632276384e-05
1.13316138192e-05
1.51088184256e-05
3.39948414576e-05
1.51088184256e-05
1.51088184256e-05
3.7772046064e-06
1.51088184256e-05
1.8886023032e-05
1.8886023032e-05
7.55440921279e-06
3.7772046064e-06
1.13316138192e-05
1.13316138192e-05
7.55440921279e-06
1.51088184256e-05
1.13316138192e-05
0.0
1.13316138192e-05
1.51088184256e-05
1.8886023032e-05
3.7772046064e-06
2.64404322448e-05
1.8886023032e-05
1.51088184256e-05
7.55440921279e-06
2.26632276384e-05
2.26632276384e-05
1.13316138192e-05
1.13316138192e-05
1.8886023032e-05
1.8886023032e-05
3.7772046064e-06
3.7772046064e-06
7.55440921279e-06
1.13316138192e-05
7.55440921279e-06
1.13316138192e-05
2.26632276384e-05
1.13316138192e-05
1.13316138192e-05
7.55440921279e-06
1.13316138192e-05
2.26632276384e-05
7.55440921279e-06
1.8886023032e-05
2.26632276384e-05
2.26632276384e-05
1.13316138192e-05
1.8886023032e-05
1.13316138192e-05
1.13316138192e-05
1.51088184256e-05
1.51088184256e-05
1.51088184256e-05
1.13316138192e-05
1.51088184256e-05
1.13316138192e-05
1.8886023032e-05
1.13316138192e-05
7.55440921279e-06
1.13316138192e-05
0.0
1.51088184256e-05
2.64404322448e-05
3.02176368512e-05
3.39948414576e-05
1.13316138192e-05
1.8886023032e-05
1.13316138192e-05
1.51088184256e-05
1.8886023032e-05
7.55440921279e-06
1.8886023032e-05
7.55440921279e-06
3.7772046064e-06
1.51088184256e-05
2.26632276384e-05
1.51088184256e-05
2.64404322448e-05
1.51088184256e-05
1.51088184256e-05
3.39948414576e-05
0.0
1.51088184256e-05
1.51088184256e-05
1.51088184256e-05
2.64404322448e-05
3.02176368512e-05
2.26632276384e-05
1.51088184256e-05
1.51088184256e-05
1.13316138192e-05
2.64404322448e-05
4.15492506704e-05
1.8886023032e-05
3.02176368512e-05
1.8886023032e-05
2.26632276384e-05
1.51088184256e-05
1.8886023032e-05
1.13316138192e-05
2.26632276384e-05
1.8886023032e-05
3.7772046064e-05
1.51088184256e-05
2.64404322448e-05
1.13316138192e-05
2.64404322448e-05
2.64404322448e-05
2.64404322448e-05
1.13316138192e-05
1.13316138192e-05
2.26632276384e-05
1.51088184256e-05
2.26632276384e-05
3.02176368512e-05
3.7772046064e-05
1.13316138192e-05
1.8886023032e-05
7.55440921279e-06
3.7772046064e-05
1.13316138192e-05
1.51088184256e-05
2.64404322448e-05
1.8886023032e-05
1.8886023032e-05
1.8886023032e-05
3.02176368512e-05
1.13316138192e-05
2.26632276384e-05
1.51088184256e-05
2.64404322448e-05
2.26632276384e-05
2.64404322448e-05
1.8886023032e-05
3.39948414576e-05
1.51088184256e-05
1.51088184256e-05
3.02176368512e-05
4.15492506704e-05
1.51088184256e-05
1.8886023032e-05
1.8886023032e-05
3.02176368512e-05
1.8886023032e-05
2.26632276384e-05
1.8886023032e-05
1.8886023032e-05
2.26632276384e-05
1.8886023032e-05
2.26632276384e-05
1.51088184256e-05
1.13316138192e-05
3.39948414576e-05
2.26632276384e-05
3.7772046064e-05
4.53264552768e-05
1.8886023032e-05
1.13316138192e-05
3.7772046064e-05
1.8886023032e-05
3.39948414576e-05
3.7772046064e-05
1.51088184256e-05
2.26632276384e-05
1.51088184256e-05
1.8886023032e-05
3.39948414576e-05
4.15492506704e-05
2.64404322448e-05
3.39948414576e-05
3.02176368512e-05
3.7772046064e-05
3.7772046064e-05
3.7772046064e-05
1.8886023032e-05
3.7772046064e-05
3.39948414576e-05
7.55440921279e-06
1.13316138192e-05
4.53264552768e-05
2.64404322448e-05
1.8886023032e-05
2.26632276384e-05
2.64404322448e-05
2.64404322448e-05
3.39948414576e-05
3.39948414576e-05
2.64404322448e-05
1.8886023032e-05
1.8886023032e-05
2.26632276384e-05
1.8886023032e-05
2.26632276384e-05
3.02176368512e-05
1.8886023032e-05
1.8886023032e-05
7.55440921279e-06
2.64404322448e-05
2.64404322448e-05
1.8886023032e-05
1.8886023032e-05
3.7772046064e-05
3.39948414576e-05
1.8886023032e-05
4.15492506704e-05
3.7772046064e-05
1.13316138192e-05
2.26632276384e-05
4.91036598832e-05
3.02176368512e-05
2.64404322448e-05
2.64404322448e-05
1.8886023032e-05
4.91036598832e-05
2.26632276384e-05
2.64404322448e-05
2.64404322448e-05
4.91036598832e-05
2.64404322448e-05
2.64404322448e-05
3.7772046064e-05
1.8886023032e-05
5.28808644895e-05
1.13316138192e-05
1.8886023032e-05
1.8886023032e-05
1.8886023032e-05
2.64404322448e-05
2.26632276384e-05
2.64404322448e-05
1.8886023032e-05
3.02176368512e-05
1.13316138192e-05
3.02176368512e-05
3.02176368512e-05
1.8886023032e-05
3.02176368512e-05
2.26632276384e-05
3.39948414576e-05
2.26632276384e-05
3.7772046064e-05
2.26632276384e-05
1.8886023032e-05
3.7772046064e-05
3.39948414576e-05
4.15492506704e-05
2.64404322448e-05
3.02176368512e-05
3.02176368512e-05
3.39948414576e-05
5.66580690959e-05
1.8886023032e-05
2.64404322448e-05
2.64404322448e-05
2.26632276384e-05
3.39948414576e-05
3.02176368512e-05
2.26632276384e-05
4.15492506704e-05
3.7772046064e-05
1.13316138192e-05
2.26632276384e-05
4.15492506704e-05
4.53264552768e-05
2.26632276384e-05
3.39948414576e-05
1.8886023032e-05
2.64404322448e-05
5.28808644895e-05
2.64404322448e-05
3.39948414576e-05
3.39948414576e-05
4.15492506704e-05
2.26632276384e-05
3.02176368512e-05
4.53264552768e-05
5.66580690959e-05
3.39948414576e-05
3.39948414576e-05
4.53264552768e-05
1.8886023032e-05
3.39948414576e-05
2.26632276384e-05
3.02176368512e-05
2.26632276384e-05
4.53264552768e-05
4.53264552768e-05
4.91036598832e-05
5.66580690959e-05
4.15492506704e-05
3.39948414576e-05
1.8886023032e-05
3.7772046064e-05
1.8886023032e-05
2.64404322448e-05
2.64404322448e-05
3.7772046064e-05
1.8886023032e-05
1.51088184256e-05
5.28808644895e-05
3.39948414576e-05
3.39948414576e-05
4.15492506704e-05
3.02176368512e-05
2.26632276384e-05
3.7772046064e-05
4.15492506704e-05
3.7772046064e-05
3.02176368512e-05
4.53264552768e-05
5.66580690959e-05
4.15492506704e-05
1.8886023032e-05
1.8886023032e-05
1.8886023032e-05
2.26632276384e-05
2.64404322448e-05
3.02176368512e-05
4.91036598832e-05
1.51088184256e-05
1.8886023032e-05
1.8886023032e-05
2.64404322448e-05
3.7772046064e-05
3.39948414576e-05
4.15492506704e-05
3.7772046064e-05
4.53264552768e-05
2.64404322448e-05
4.91036598832e-05
2.26632276384e-05
2.64404322448e-05
3.7772046064e-05
4.15492506704e-05
2.26632276384e-05
4.53264552768e-05
4.53264552768e-05
2.64404322448e-05
2.64404322448e-05
1.51088184256e-05
4.15492506704e-05
3.02176368512e-05
2.64404322448e-05
2.64404322448e-05
1.8886023032e-05
3.7772046064e-05
1.13316138192e-05
4.15492506704e-05
3.39948414576e-05
3.7772046064e-05
3.02176368512e-05
4.15492506704e-05
4.15492506704e-05
3.02176368512e-05
5.66580690959e-05
3.02176368512e-05
4.15492506704e-05
3.02176368512e-05
7.55440921279e-06
2.64404322448e-05
3.7772046064e-05
3.02176368512e-05
4.15492506704e-05
3.02176368512e-05
4.53264552768e-05
4.91036598832e-05
1.8886023032e-05
3.02176368512e-05
3.7772046064e-05
3.02176368512e-05
3.7772046064e-05
2.26632276384e-05
3.02176368512e-05
4.91036598832e-05
3.02176368512e-05
3.39948414576e-05
4.15492506704e-05
4.15492506704e-05
5.28808644895e-05
3.7772046064e-05
4.53264552768e-05
3.39948414576e-05
3.39948414576e-05
3.7772046064e-05
1.8886023032e-05
3.39948414576e-05
1.13316138192e-05
4.53264552768e-05
3.02176368512e-05
3.7772046064e-05
6.79896829151e-05
7.55440921279e-06
3.02176368512e-05
2.26632276384e-05
1.51088184256e-05
1.51088184256e-05
4.15492506704e-05
1.51088184256e-05
5.66580690959e-05
3.02176368512e-05
2.64404322448e-05
2.64404322448e-05
1.13316138192e-05
4.91036598832e-05
1.13316138192e-05
3.39948414576e-05
3.02176368512e-05
3.02176368512e-05
3.7772046064e-05
3.39948414576e-05
6.79896829151e-05
2.26632276384e-05
5.28808644895e-05
4.91036598832e-05
3.39948414576e-05
4.91036598832e-05
1.51088184256e-05
1.51088184256e-05
2.64404322448e-05
3.7772046064e-05
5.28808644895e-05
4.53264552768e-05
3.02176368512e-05
3.02176368512e-05
3.39948414576e-05
3.02176368512e-05
1.8886023032e-05
3.7772046064e-05
3.7772046064e-05
5.28808644895e-05
4.91036598832e-05
3.39948414576e-05
4.15492506704e-05
3.39948414576e-05
4.15492506704e-05
3.02176368512e-05
3.39948414576e-05
3.02176368512e-05
2.64404322448e-05
3.39948414576e-05
3.02176368512e-05
3.02176368512e-05
2.26632276384e-05
3.7772046064e-05
4.15492506704e-05
3.7772046064e-05
2.26632276384e-05
3.7772046064e-05
3.7772046064e-05
3.39948414576e-05
2.64404322448e-05
4.15492506704e-05
2.64404322448e-05
4.15492506704e-05
2.26632276384e-05
3.39948414576e-05
1.8886023032e-05
3.39948414576e-05
1.8886023032e-05
2.26632276384e-05
3.39948414576e-05
4.15492506704e-05
3.7772046064e-05
5.66580690959e-05
3.02176368512e-05
1.51088184256e-05
4.53264552768e-05
1.8886023032e-05
4.53264552768e-05
3.7772046064e-05
3.02176368512e-05
3.02176368512e-05
5.66580690959e-05
3.39948414576e-05
3.7772046064e-05
2.64404322448e-05
2.26632276384e-05
1.8886023032e-05
3.39948414576e-05
3.02176368512e-05
3.7772046064e-05
3.39948414576e-05
3.39948414576e-05
4.53264552768e-05
1.8886023032e-05
3.7772046064e-05
6.04352737023e-05
4.53264552768e-05
2.64404322448e-05
4.15492506704e-05
3.02176368512e-05
1.8886023032e-05
2.26632276384e-05
4.53264552768e-05
3.7772046064e-05
4.91036598832e-05
4.91036598832e-05
2.64404322448e-05
1.8886023032e-05
2.26632276384e-05
1.8886023032e-05
3.7772046064e-05
2.26632276384e-05
3.7772046064e-05
2.26632276384e-05
1.51088184256e-05
3.02176368512e-05
1.13316138192e-05
3.39948414576e-05
2.64404322448e-05
4.15492506704e-05
4.15492506704e-05
1.51088184256e-05
3.39948414576e-05
2.64404322448e-05
4.91036598832e-05
2.64404322448e-05
2.64404322448e-05
4.15492506704e-05
1.8886023032e-05
2.64404322448e-05
3.39948414576e-05
1.8886023032e-05
3.02176368512e-05
2.64404322448e-05
3.02176368512e-05
3.39948414576e-05
2.64404322448e-05
1.13316138192e-05
4.15492506704e-05
3.39948414576e-05
2.26632276384e-05
3.02176368512e-05
3.7772046064e-05
3.02176368512e-05
2.26632276384e-05
3.02176368512e-05
3.02176368512e-05
2.26632276384e-05
4.53264552768e-05
2.26632276384e-05
2.26632276384e-05
2.64404322448e-05
3.39948414576e-05
2.64404322448e-05
3.39948414576e-05
3.7772046064e-05
3.02176368512e-05
4.15492506704e-05
1.13316138192e-05
1.51088184256e-05
3.39948414576e-05
3.02176368512e-05
3.7772046064e-05
3.02176368512e-05
1.51088184256e-05
4.15492506704e-05
3.7772046064e-05
2.64404322448e-05
3.39948414576e-05
5.28808644895e-05
4.15492506704e-05
1.13316138192e-05
2.64404322448e-05
3.39948414576e-05
4.15492506704e-05
3.02176368512e-05
2.64404322448e-05
2.64404322448e-05
2.26632276384e-05
1.51088184256e-05
1.51088184256e-05
3.39948414576e-05
4.15492506704e-05
2.26632276384e-05
4.53264552768e-05
3.39948414576e-05
1.13316138192e-05
1.8886023032e-05
3.7772046064e-05
3.39948414576e-05
1.13316138192e-05
7.55440921279e-06
2.64404322448e-05
1.8886023032e-05
2.64404322448e-05
2.64404322448e-05
4.53264552768e-05
3.7772046064e-05
3.39948414576e-05
2.26632276384e-05
1.8886023032e-05
3.02176368512e-05
3.7772046064e-05
2.64404322448e-05
1.51088184256e-05
2.64404322448e-05
2.64404322448e-05
2.64404322448e-05
2.26632276384e-05
3.02176368512e-05
3.39948414576e-05
3.02176368512e-05
1.8886023032e-05
2.64404322448e-05
3.39948414576e-05
4.91036598832e-05
4.15492506704e-05
2.64404322448e-05
2.26632276384e-05
3.02176368512e-05
4.15492506704e-05
3.7772046064e-06
1.51088184256e-05
1.8886023032e-05
2.26632276384e-05
3.39948414576e-05
2.64404322448e-05
4.15492506704e-05
2.64404322448e-05
1.8886023032e-05
3.02176368512e-05
3.39948414576e-05
3.39948414576e-05
7.55440921279e-06
3.7772046064e-05
2.64404322448e-05
1.8886023032e-05
3.7772046064e-05
4.15492506704e-05
2.64404322448e-05
1.8886023032e-05
3.02176368512e-05
2.26632276384e-05
2.26632276384e-05
2.26632276384e-05
3.7772046064e-05
3.39948414576e-05
3.7772046064e-05
2.64404322448e-05
1.13316138192e-05
1.8886023032e-05
3.02176368512e-05
2.26632276384e-05
2.26632276384e-05
2.26632276384e-05
1.13316138192e-05
3.7772046064e-05
1.8886023032e-05
2.26632276384e-05
2.64404322448e-05
1.51088184256e-05
1.51088184256e-05
1.8886023032e-05
3.02176368512e-05
3.02176368512e-05
2.26632276384e-05
1.8886023032e-05
1.8886023032e-05
2.26632276384e-05
1.51088184256e-05
3.7772046064e-05
2.26632276384e-05
1.13316138192e-05
2.26632276384e-05
3.7772046064e-05
4.15492506704e-05
7.55440921279e-06
7.55440921279e-06
3.39948414576e-05
1.51088184256e-05
1.8886023032e-05
2.26632276384e-05
2.64404322448e-05
3.39948414576e-05
3.7772046064e-05
1.8886023032e-05
5.28808644895e-05
2.64404322448e-05
1.51088184256e-05
1.8886023032e-05
1.8886023032e-05
3.7772046064e-05
2.26632276384e-05
2.64404322448e-05
1.8886023032e-05
1.13316138192e-05
1.13316138192e-05
1.51088184256e-05
3.7772046064e-05
1.51088184256e-05
1.8886023032e-05
3.39948414576e-05
2.26632276384e-05
1.51088184256e-05
2.26632276384e-05
2.26632276384e-05
3.02176368512e-05
1.8886023032e-05
2.26632276384e-05
2.64404322448e-05
3.02176368512e-05
2.26632276384e-05
1.13316138192e-05
1.13316138192e-05
5.66580690959e-05
3.39948414576e-05
2.26632276384e-05
3.39948414576e-05
1.51088184256e-05
4.15492506704e-05
1.13316138192e-05
1.51088184256e-05
1.51088184256e-05
3.02176368512e-05
1.13316138192e-05
1.8886023032e-05
4.91036598832e-05
1.8886023032e-05
1.8886023032e-05
3.02176368512e-05
3.39948414576e-05
2.26632276384e-05
3.39948414576e-05
3.39948414576e-05
1.13316138192e-05
3.7772046064e-05
3.39948414576e-05
3.7772046064e-06
2.64404322448e-05
7.55440921279e-06
1.8886023032e-05
1.8886023032e-05
7.55440921279e-06
2.26632276384e-05
4.15492506704e-05
1.8886023032e-05
2.64404322448e-05
1.8886023032e-05
2.64404322448e-05
1.51088184256e-05
1.8886023032e-05
2.26632276384e-05
1.13316138192e-05
3.39948414576e-05
1.51088184256e-05
1.13316138192e-05
1.51088184256e-05
1.8886023032e-05
3.39948414576e-05
2.64404322448e-05
2.26632276384e-05
1.13316138192e-05
3.7772046064e-05
2.26632276384e-05
1.51088184256e-05
7.55440921279e-06
3.02176368512e-05
2.26632276384e-05
2.26632276384e-05
2.26632276384e-05
2.64404322448e-05
3.7772046064e-05
3.7772046064e-05
2.64404322448e-05
3.02176368512e-05
1.13316138192e-05
2.64404322448e-05
1.8886023032e-05
2.64404322448e-05
3.02176368512e-05
3.02176368512e-05
1.8886023032e-05
4.15492506704e-05
2.64404322448e-05
2.64404322448e-05
1.8886023032e-05
3.39948414576e-05
1.51088184256e-05
2.26632276384e-05
3.39948414576e-05
1.51088184256e-05
2.26632276384e-05
2.26632276384e-05
1.51088184256e-05
3.7772046064e-05
2.64404322448e-05
7.55440921279e-06
3.7772046064e-06
2.64404322448e-05
1.8886023032e-05
2.26632276384e-05
2.64404322448e-05
3.39948414576e-05
3.02176368512e-05
3.02176368512e-05
1.51088184256e-05
2.26632276384e-05
2.64404322448e-05
3.7772046064e-06
5.28808644895e-05
1.13316138192e-05
3.02176368512e-05
2.26632276384e-05
1.8886023032e-05
3.02176368512e-05
2.64404322448e-05
3.7772046064e-06
4.15492506704e-05
1.8886023032e-05
2.64404322448e-05
1.13316138192e-05
1.51088184256e-05
2.26632276384e-05
1.8886023032e-05
3.7772046064e-06
2.26632276384e-05
3.02176368512e-05
4.15492506704e-05
1.51088184256e-05
1.8886023032e-05
2.26632276384e-05
2.64404322448e-05
1.13316138192e-05
2.64404322448e-05
1.51088184256e-05
1.8886023032e-05
7.55440921279e-06
3.02176368512e-05
3.02176368512e-05
1.51088184256e-05
1.13316138192e-05
3.7772046064e-05
7.55440921279e-06
2.26632276384e-05
3.39948414576e-05
1.51088184256e-05
7.55440921279e-06
1.13316138192e-05
1.51088184256e-05
2.64404322448e-05
2.26632276384e-05
3.7772046064e-05
1.8886023032e-05
1.51088184256e-05
3.7772046064e-05
3.02176368512e-05
1.8886023032e-05
0.0389392022873
