4826.16032702
0.00091701080144
0.000965274527831
0.000675692169482
0.000820483348657
0.000868747075048
0.000868747075048
0.000482637263916
0.000579164716699
0.00062742844309
0.000579164716699
0.000386109811133
0.000482637263916
0.000289582358349
0.000530900990307
0.00062742844309
0.000386109811133
0.000337846084741
0.000434373537524
0.000144791179175
0.000289582358349
0.000289582358349
0.000289582358349
0.000193054905566
0.000579164716699
0.000337846084741
0.000193054905566
0.000434373537524
0.000337846084741
0.000386109811133
0.000386109811133
0.000337846084741
0.000772219622265
0.000289582358349
0.000434373537524
0.000144791179175
0.000579164716699
0.000241318631958
9.65274527831e-05
0.000337846084741
0.000530900990307
0.000386109811133
0.000337846084741
0.000482637263916
0.000386109811133
0.000386109811133
0.000482637263916
0.000241318631958
0.000530900990307
0.000193054905566
0.000482637263916
0.000241318631958
0.000289582358349
0.00062742844309
0.000579164716699
0.000289582358349
0.000579164716699
0.000579164716699
0.000868747075048
0.000289582358349
0.000482637263916
0.00062742844309
0.000289582358349
0.000482637263916
0.000289582358349
0.000241318631958
0.00062742844309
0.000868747075048
0.000530900990307
0.000386109811133
0.000241318631958
0.000675692169482
0.000386109811133
0.000289582358349
0.00062742844309
0.000530900990307
0.000530900990307
0.000434373537524
0.000482637263916
0.000289582358349
0.000675692169482
0.000579164716699
0.000241318631958
0.000482637263916
0.000868747075048
0.000530900990307
0.000144791179175
0.000579164716699
0.000386109811133
0.000337846084741
0.000434373537524
0.00062742844309
0.000772219622265
0.000772219622265
0.000482637263916
0.000579164716699
0.000723955895873
0.000579164716699
0.00106180198061
0.000530900990307
0.000579164716699
0.000723955895873
0.000579164716699
0.000434373537524
0.000144791179175
0.000434373537524
0.000820483348657
0.000482637263916
0.000820483348657
0.000772219622265
0.000723955895873
0.000530900990307
0.000772219622265
0.000530900990307
0.000675692169482
0.00062742844309
0.000772219622265
0.000530900990307
0.00062742844309
0.000434373537524
0.000820483348657
0.000530900990307
0.00062742844309
0.00091701080144
0.000386109811133
0.000386109811133
0.000482637263916
0.000482637263916
0.000820483348657
0.000530900990307
0.000530900990307
0.00062742844309
0.000675692169482
0.000530900990307
0.000386109811133
0.000530900990307
0.000386109811133
0.000337846084741
0.000337846084741
0.000530900990307
0.00062742844309
0.000772219622265
0.00062742844309
0.000434373537524
0.000337846084741
0.000579164716699
0.000530900990307
0.000434373537524
0.000723955895873
0.00062742844309
0.000579164716699
0.000675692169482
0.000723955895873
0.000386109811133
0.000530900990307
0.000579164716699
0.000337846084741
0.00062742844309
0.000289582358349
0.000482637263916
0.000386109811133
0.000337846084741
0.000386109811133
0.000434373537524
0.000579164716699
0.000434373537524
0.000434373537524
0.000434373537524
0.000386109811133
0.000530900990307
0.000337846084741
0.000482637263916
0.000386109811133
0.000482637263916
0.000579164716699
0.000723955895873
0.000482637263916
0.000337846084741
0.000241318631958
0.000482637263916
0.000579164716699
0.000434373537524
0.000144791179175
0.00062742844309
0.000337846084741
0.000386109811133
0.000386109811133
0.000144791179175
0.000241318631958
0.000434373537524
0.000289582358349
0.000579164716699
0.000386109811133
0.000386109811133
0.000530900990307
0.000289582358349
0.000289582358349
0.000241318631958
0.000337846084741
0.000337846084741
0.000241318631958
0.000289582358349
0.000386109811133
0.000193054905566
0.000241318631958
0.000241318631958
0.000289582358349
0.000482637263916
0.000241318631958
0.000482637263916
0.000289582358349
0.000434373537524
0.000337846084741
0.000386109811133
0.000530900990307
0.000337846084741
0.000482637263916
0.000144791179175
4.82637263916e-05
0.000434373537524
0.000386109811133
0.000482637263916
0.000241318631958
0.000386109811133
0.000337846084741
0.000386109811133
0.000241318631958
0.000530900990307
0.000337846084741
0.000482637263916
0.000144791179175
0.000144791179175
0.000579164716699
0.000289582358349
0.000144791179175
0.000337846084741
0.000337846084741
0.000337846084741
0.000144791179175
0.000579164716699
0.000337846084741
0.000289582358349
0.000337846084741
0.000386109811133
0.000241318631958
9.65274527831e-05
0.000144791179175
0.000386109811133
0.000482637263916
0.000434373537524
0.000482637263916
0.000193054905566
0.000434373537524
0.000386109811133
0.000144791179175
0.000530900990307
0.000337846084741
0.000144791179175
0.000241318631958
0.000241318631958
0.000241318631958
0.000144791179175
0.000434373537524
0.000193054905566
4.82637263916e-05
0.000241318631958
0.000386109811133
0.000193054905566
0.000289582358349
0.000241318631958
9.65274527831e-05
0.000386109811133
0.000241318631958
0.000144791179175
0.000241318631958
0.000386109811133
0.000241318631958
0.000241318631958
0.000386109811133
0.000434373537524
0.000193054905566
0.000144791179175
0.000193054905566
0.000386109811133
0.000144791179175
0.000289582358349
0.000337846084741
0.000434373537524
0.000337846084741
4.82637263916e-05
0.000193054905566
0.000289582358349
0.00062742844309
0.000386109811133
0.000434373537524
0.000193054905566
0.000337846084741
0.000241318631958
0.000241318631958
9.65274527831e-05
0.000144791179175
0.000241318631958
0.000241318631958
0.000241318631958
0.000386109811133
0.000289582358349
0.000241318631958
9.65274527831e-05
0.000193054905566
0.000241318631958
0.000144791179175
0.000289582358349
0.000241318631958
4.82637263916e-05
0.000241318631958
0.000289582358349
0.000241318631958
0.000144791179175
0.000386109811133
0.000337846084741
0.000193054905566
0.000193054905566
9.65274527831e-05
0.000193054905566
0.000289582358349
0.000144791179175
4.82637263916e-05
9.65274527831e-05
0.000193054905566
4.82637263916e-05
0.000386109811133
9.65274527831e-05
0.000144791179175
0.000337846084741
9.65274527831e-05
0.000241318631958
0.000289582358349
0.000241318631958
0.000241318631958
0.000289582358349
0.000241318631958
0.000193054905566
0.000241318631958
0.000144791179175
0.000241318631958
0.000289582358349
0.000144791179175
4.82637263916e-05
9.65274527831e-05
0.000241318631958
0.000289582358349
0.000144791179175
0.000193054905566
0.000337846084741
0.000289582358349
0.000386109811133
0.000193054905566
0.000241318631958
0.000144791179175
0.000193054905566
0.000530900990307
0.000386109811133
0.000289582358349
0.000144791179175
0.000193054905566
0.000386109811133
0.000241318631958
9.65274527831e-05
0.000241318631958
0.000241318631958
0.000144791179175
0.000193054905566
0.000144791179175
0.000289582358349
0.000241318631958
0.000193054905566
0.000193054905566
0.000241318631958
0.000144791179175
0.000241318631958
9.65274527831e-05
0.000193054905566
0.000144791179175
0.0
0.000289582358349
0.000193054905566
0.000193054905566
4.82637263916e-05
0.000193054905566
0.0
4.82637263916e-05
0.000241318631958
0.000144791179175
0.000193054905566
0.000193054905566
0.000434373537524
0.000193054905566
0.000144791179175
0.000193054905566
4.82637263916e-05
0.000193054905566
0.0
0.000193054905566
0.000144791179175
0.000241318631958
4.82637263916e-05
0.000144791179175
9.65274527831e-05
0.000144791179175
9.65274527831e-05
0.000241318631958
0.000144791179175
0.000386109811133
9.65274527831e-05
0.0
0.000241318631958
4.82637263916e-05
9.65274527831e-05
0.000241318631958
0.000241318631958
0.000193054905566
0.000144791179175
0.000193054905566
9.65274527831e-05
0.0
0.000289582358349
0.000289582358349
0.000289582358349
9.65274527831e-05
0.000193054905566
4.82637263916e-05
0.000289582358349
9.65274527831e-05
0.000241318631958
0.000144791179175
4.82637263916e-05
0.000241318631958
0.000289582358349
0.000193054905566
0.000337846084741
0.000337846084741
0.000241318631958
0.0
0.000289582358349
9.65274527831e-05
9.65274527831e-05
0.000241318631958
9.65274527831e-05
9.65274527831e-05
9.65274527831e-05
0.000289582358349
0.000289582358349
0.000193054905566
9.65274527831e-05
0.000144791179175
0.000193054905566
0.000241318631958
4.82637263916e-05
0.000386109811133
0.000337846084741
0.000289582358349
0.000337846084741
9.65274527831e-05
0.000193054905566
0.000289582358349
9.65274527831e-05
0.000144791179175
9.65274527831e-05
9.65274527831e-05
4.82637263916e-05
9.65274527831e-05
0.000289582358349
4.82637263916e-05
0.000144791179175
9.65274527831e-05
4.82637263916e-05
9.65274527831e-05
9.65274527831e-05
0.000144791179175
9.65274527831e-05
0.000241318631958
9.65274527831e-05
0.000386109811133
9.65274527831e-05
0.000144791179175
0.000144791179175
0.000144791179175
0.000193054905566
0.000144791179175
4.82637263916e-05
9.65274527831e-05
0.0
9.65274527831e-05
0.000241318631958
0.000144791179175
0.000193054905566
0.000241318631958
0.000144791179175
9.65274527831e-05
0.000241318631958
0.000193054905566
0.000144791179175
0.000144791179175
0.000144791179175
0.000386109811133
9.65274527831e-05
0.000193054905566
0.000241318631958
0.000241318631958
9.65274527831e-05
9.65274527831e-05
0.000241318631958
4.82637263916e-05
9.65274527831e-05
0.000241318631958
0.000193054905566
0.000193054905566
4.82637263916e-05
0.000193054905566
0.000144791179175
0.000386109811133
9.65274527831e-05
4.82637263916e-05
0.0
4.82637263916e-05
0.0
9.65274527831e-05
9.65274527831e-05
0.000144791179175
4.82637263916e-05
4.82637263916e-05
9.65274527831e-05
0.000241318631958
0.000144791179175
0.000241318631958
0.000193054905566
9.65274527831e-05
0.0
0.0
9.65274527831e-05
0.000241318631958
0.000241318631958
0.000193054905566
4.82637263916e-05
4.82637263916e-05
0.000144791179175
0.000193054905566
0.000144791179175
0.000144791179175
9.65274527831e-05
0.0
0.0
0.000193054905566
0.000144791179175
0.000241318631958
9.65274527831e-05
0.000193054905566
9.65274527831e-05
0.000193054905566
4.82637263916e-05
0.000193054905566
0.000241318631958
9.65274527831e-05
0.000193054905566
9.65274527831e-05
4.82637263916e-05
0.000144791179175
9.65274527831e-05
0.000289582358349
0.000241318631958
9.65274527831e-05
0.000144791179175
0.0
4.82637263916e-05
9.65274527831e-05
9.65274527831e-05
9.65274527831e-05
9.65274527831e-05
0.0
0.000144791179175
0.000144791179175
0.000241318631958
0.000193054905566
0.0
9.65274527831e-05
9.65274527831e-05
9.65274527831e-05
9.65274527831e-05
0.0
4.82637263916e-05
4.82637263916e-05
9.65274527831e-05
0.0
9.65274527831e-05
9.65274527831e-05
4.82637263916e-05
0.000144791179175
0.000193054905566
9.65274527831e-05
0.000144791179175
4.82637263916e-05
0.000193054905566
0.000144791179175
0.0
4.82637263916e-05
9.65274527831e-05
0.0
4.82637263916e-05
4.82637263916e-05
4.82637263916e-05
0.0
0.000193054905566
4.82637263916e-05
9.65274527831e-05
0.000144791179175
0.000193054905566
0.000144791179175
0.0
0.000144791179175
0.000193054905566
0.0
0.0
0.000193054905566
0.000144791179175
4.82637263916e-05
0.000144791179175
9.65274527831e-05
0.0
0.0
0.000193054905566
4.82637263916e-05
0.000144791179175
9.65274527831e-05
4.82637263916e-05
4.82637263916e-05
4.82637263916e-05
0.000144791179175
0.0
9.65274527831e-05
9.65274527831e-05
0.000193054905566
9.65274527831e-05
0.0
9.65274527831e-05
4.82637263916e-05
9.65274527831e-05
9.65274527831e-05
9.65274527831e-05
9.65274527831e-05
4.82637263916e-05
9.65274527831e-05
0.0
9.65274527831e-05
0.000144791179175
9.65274527831e-05
0.000144791179175
0.000193054905566
0.000144791179175
4.82637263916e-05
9.65274527831e-05
4.82637263916e-05
4.82637263916e-05
4.82637263916e-05
0.0
0.000144791179175
0.000193054905566
9.65274527831e-05
0.0
0.000144791179175
0.000337846084741
4.82637263916e-05
4.82637263916e-05
0.000193054905566
9.65274527831e-05
4.82637263916e-05
0.000193054905566
4.82637263916e-05
0.0
4.82637263916e-05
0.000144791179175
9.65274527831e-05
4.82637263916e-05
4.82637263916e-05
4.82637263916e-05
4.82637263916e-05
0.0
0.0
0.000193054905566
0.0
0.0
4.82637263916e-05
9.65274527831e-05
4.82637263916e-05
0.0
4.82637263916e-05
9.65274527831e-05
0.000144791179175
4.82637263916e-05
4.82637263916e-05
4.82637263916e-05
4.82637263916e-05
0.0
0.000144791179175
0.000193054905566
4.82637263916e-05
4.82637263916e-05
9.65274527831e-05
0.000193054905566
0.000241318631958
9.65274527831e-05
4.82637263916e-05
0.0
4.82637263916e-05
0.0
0.0
4.82637263916e-05
9.65274527831e-05
4.82637263916e-05
9.65274527831e-05
9.65274527831e-05
0.0
9.65274527831e-05
4.82637263916e-05
0.0
4.82637263916e-05
4.82637263916e-05
4.82637263916e-05
0.000289582358349
0.0
4.82637263916e-05
9.65274527831e-05
0.0
0.0
4.82637263916e-05
4.82637263916e-05
4.82637263916e-05
4.82637263916e-05
9.65274527831e-05
0.000144791179175
0.0
0.0
0.0
0.0
0.0
9.65274527831e-05
0.0
9.65274527831e-05
4.82637263916e-05
0.000144791179175
9.65274527831e-05
4.82637263916e-05
9.65274527831e-05
4.82637263916e-05
4.82637263916e-05
9.65274527831e-05
0.0
4.82637263916e-05
9.65274527831e-05
0.000144791179175
4.82637263916e-05
4.82637263916e-05
0.0
4.82637263916e-05
9.65274527831e-05
9.65274527831e-05
0.000193054905566
4.82637263916e-05
0.0
4.82637263916e-05
4.82637263916e-05
4.82637263916e-05
9.65274527831e-05
0.0
0.0
9.65274527831e-05
4.82637263916e-05
0.000144791179175
0.0
9.65274527831e-05
0.0
9.65274527831e-05
9.65274527831e-05
0.000241318631958
4.82637263916e-05
4.82637263916e-05
0.0
9.65274527831e-05
4.82637263916e-05
0.0
0.0
0.000144791179175
9.65274527831e-05
4.82637263916e-05
4.82637263916e-05
4.82637263916e-05
0.000144791179175
4.82637263916e-05
4.82637263916e-05
0.0
9.65274527831e-05
9.65274527831e-05
9.65274527831e-05
4.82637263916e-05
9.65274527831e-05
0.0
0.0
4.82637263916e-05
0.0
4.82637263916e-05
0.0
0.0
0.0
9.65274527831e-05
0.0
4.82637263916e-05
4.82637263916e-05
0.0
0.0
9.65274527831e-05
9.65274527831e-05
9.65274527831e-05
9.65274527831e-05
4.82637263916e-05
0.0
9.65274527831e-05
9.65274527831e-05
0.0
4.82637263916e-05
0.0
0.0
4.82637263916e-05
0.0
0.0
4.82637263916e-05
9.65274527831e-05
9.65274527831e-05
4.82637263916e-05
9.65274527831e-05
0.0
4.82637263916e-05
9.65274527831e-05
0.0
9.65274527831e-05
9.65274527831e-05
4.82637263916e-05
4.82637263916e-05
4.82637263916e-05
4.82637263916e-05
0.000193054905566
0.0
4.82637263916e-05
4.82637263916e-05
4.82637263916e-05
9.65274527831e-05
9.65274527831e-05
4.82637263916e-05
9.65274527831e-05
4.82637263916e-05
9.65274527831e-05
0.0
0.0
0.000144791179175
0.0
0.0
4.82637263916e-05
0.0
9.65274527831e-05
4.82637263916e-05
0.000193054905566
9.65274527831e-05
0.0
0.0
4.82637263916e-05
4.82637263916e-05
0.0
0.0
0.0
0.0
4.82637263916e-05
4.82637263916e-05
9.65274527831e-05
0.0
4.82637263916e-05
4.82637263916e-05
0.0
9.65274527831e-05
0.0
9.65274527831e-05
0.0
0.0
0.0
9.65274527831e-05
4.82637263916e-05
4.82637263916e-05
9.65274527831e-05
0.0
0.000193054905566
9.65274527831e-05
4.82637263916e-05
4.82637263916e-05
4.82637263916e-05
0.0
4.82637263916e-05
0.0
0.0
9.65274527831e-05
4.82637263916e-05
4.82637263916e-05
4.82637263916e-05
0.0
0.0
0.0
0.0
4.82637263916e-05
0.0
4.82637263916e-05
0.000144791179175
0.0
9.65274527831e-05
0.0
0.0
4.82637263916e-05
0.0
4.82637263916e-05
4.82637263916e-05
9.65274527831e-05
0.0
4.82637263916e-05
0.0
4.82637263916e-05
0.0
0.0
0.0
0.0
0.0
0.0
4.82637263916e-05
4.82637263916e-05
4.82637263916e-05
4.82637263916e-05
9.65274527831e-05
4.82637263916e-05
4.82637263916e-05
4.82637263916e-05
4.82637263916e-05
0.0
0.0
9.65274527831e-05
4.82637263916e-05
0.0
0.000144791179175
4.82637263916e-05
4.82637263916e-05
0.0
9.65274527831e-05
4.82637263916e-05
4.82637263916e-05
9.65274527831e-05
9.65274527831e-05
0.0
0.0
0.000144791179175
0.0
9.65274527831e-05
4.82637263916e-05
4.82637263916e-05
0.0
4.82637263916e-05
9.65274527831e-05
0.0
9.65274527831e-05
4.82637263916e-05
0.0
4.82637263916e-05
4.82637263916e-05
0.0
9.65274527831e-05
0.0
4.82637263916e-05
0.0
0.000144791179175
0.000144791179175
0.0
0.0
0.0
4.82637263916e-05
4.82637263916e-05
0.0
9.65274527831e-05
4.82637263916e-05
0.0
0.0
0.0
0.0
0.0
0.0
4.82637263916e-05
0.0
0.0
4.82637263916e-05
0.0108110747117
