123.212025596
0.0102587549425
0.00688087221753
0.00713108575271
0.00600512484439
0.00550469777402
0.00512937747125
0.00262724211942
0.00487916393607
0.00325277595738
0.00425363009811
0.00412852333052
0.00462895040088
0.00337788272497
0.00375320302774
0.00462895040088
0.00312766918979
0.00412852333052
0.00337788272497
0.00450384363329
0.00325277595738
0.0028774556546
0.00387830979534
0.00362809626015
0.00362809626015
0.00387830979534
0.00375320302774
0.00412852333052
0.00325277595738
0.00475405716848
0.00262724211942
0.00362809626015
0.00300256242219
0.00412852333052
0.00400341656293
0.00400341656293
0.00325277595738
0.0028774556546
0.00362809626015
0.00375320302774
0.0028774556546
0.00375320302774
0.00200170828146
0.0028774556546
0.00350298949256
0.00275234888701
0.00375320302774
0.00425363009811
0.00262724211942
0.00325277595738
0.00425363009811
0.00362809626015
0.00337788272497
0.00325277595738
0.00312766918979
0.00325277595738
0.00375320302774
0.00275234888701
0.00325277595738
0.00412852333052
0.00262724211942
0.00262724211942
0.00312766918979
0.00387830979534
0.00387830979534
0.00350298949256
0.00275234888701
0.00275234888701
0.00200170828146
0.00300256242219
0.00312766918979
0.0028774556546
0.00362809626015
0.00337788272497
0.00312766918979
0.00212681504905
0.00300256242219
0.00375320302774
0.00362809626015
0.00375320302774
0.00350298949256
0.0028774556546
0.00325277595738
0.00350298949256
0.00400341656293
0.00337788272497
0.00237702858424
0.00350298949256
0.00275234888701
0.00387830979534
0.00462895040088
0.0043787368657
0.00362809626015
0.0043787368657
0.00337788272497
0.00337788272497
0.00262724211942
0.00387830979534
0.00400341656293
0.00375320302774
0.00325277595738
0.00300256242219
0.00387830979534
0.00300256242219
0.00350298949256
0.00375320302774
0.0043787368657
0.0028774556546
0.00387830979534
0.00350298949256
0.00412852333052
0.00337788272497
0.00400341656293
0.0043787368657
0.00387830979534
0.00462895040088
0.00462895040088
0.00425363009811
0.00425363009811
0.00350298949256
0.00562980454162
0.00550469777402
0.00412852333052
0.00412852333052
0.00475405716848
0.00462895040088
0.0043787368657
0.00550469777402
0.00412852333052
0.0043787368657
0.00400341656293
0.00362809626015
0.00450384363329
0.00375320302774
0.00400341656293
0.00613023161198
0.00375320302774
0.00450384363329
0.00512937747125
0.00475405716848
0.0043787368657
0.00350298949256
0.00512937747125
0.00487916393607
0.00500427070366
0.00462895040088
0.00337788272497
0.00475405716848
0.0028774556546
0.00500427070366
0.00375320302774
0.00312766918979
0.0015012812111
0.00337788272497
0.00487916393607
0.00412852333052
0.00462895040088
0.00400341656293
0.00475405716848
0.00387830979534
0.00350298949256
0.00412852333052
0.00562980454162
0.00512937747125
0.00400341656293
0.00450384363329
0.00487916393607
0.00412852333052
0.0043787368657
0.00575491130921
0.00362809626015
0.00500427070366
0.00412852333052
0.00362809626015
0.00425363009811
0.00400341656293
0.00300256242219
0.00350298949256
0.00325277595738
0.00375320302774
0.00450384363329
0.00375320302774
0.00387830979534
0.0043787368657
0.00262724211942
0.00400341656293
0.00275234888701
0.00362809626015
0.00387830979534
0.00350298949256
0.00500427070366
0.00225192181665
0.00375320302774
0.0028774556546
0.00337788272497
0.00337788272497
0.00387830979534
0.00400341656293
0.00375320302774
0.00250213535183
0.00462895040088
0.00337788272497
0.00300256242219
0.00400341656293
0.00300256242219
0.00250213535183
0.00262724211942
0.00387830979534
0.00400341656293
0.00225192181665
0.00300256242219
0.00312766918979
0.00412852333052
0.00325277595738
0.00300256242219
0.00300256242219
0.00312766918979
0.00300256242219
0.00312766918979
0.00225192181665
0.00262724211942
0.0028774556546
0.00350298949256
0.00312766918979
0.00262724211942
0.00275234888701
0.00400341656293
0.00250213535183
0.00362809626015
0.00225192181665
0.00300256242219
0.00237702858424
0.00212681504905
0.00387830979534
0.00350298949256
0.00275234888701
0.00237702858424
0.00250213535183
0.0028774556546
0.0028774556546
0.00275234888701
0.00250213535183
0.00337788272497
0.00262724211942
0.00275234888701
0.00200170828146
0.00275234888701
0.00337788272497
0.00362809626015
0.00225192181665
0.0028774556546
0.00200170828146
0.00225192181665
0.00325277595738
0.00325277595738
0.00312766918979
0.00362809626015
0.0028774556546
0.00225192181665
0.00212681504905
0.00300256242219
0.00212681504905
0.00262724211942
0.00337788272497
0.0028774556546
0.00325277595738
0.00225192181665
0.00250213535183
0.00312766918979
0.00312766918979
0.00312766918979
0.00400341656293
0.00325277595738
0.00250213535183
0.00187660151387
0.0028774556546
0.00375320302774
0.0028774556546
0.00225192181665
0.00312766918979
0.00300256242219
0.00237702858424
0.00325277595738
0.0028774556546
0.00300256242219
0.00300256242219
0.00237702858424
0.00262724211942
0.00325277595738
0.00350298949256
0.00362809626015
0.00200170828146
0.00212681504905
0.00312766918979
0.00275234888701
0.00212681504905
0.00200170828146
0.00212681504905
0.00237702858424
0.00350298949256
0.00275234888701
0.00250213535183
0.00237702858424
0.00212681504905
0.00275234888701
0.00225192181665
0.00175149474628
0.00237702858424
0.0028774556546
0.00187660151387
0.00250213535183
0.00262724211942
0.00162638797869
0.00125106767591
0.00137617444351
0.00212681504905
0.00200170828146
0.00262724211942
0.00237702858424
0.00162638797869
0.00187660151387
0.00362809626015
0.00237702858424
0.00200170828146
0.0015012812111
0.00187660151387
0.00225192181665
0.00212681504905
0.00300256242219
0.00212681504905
0.00187660151387
0.00225192181665
0.0015012812111
0.00162638797869
0.00187660151387
0.00262724211942
0.00262724211942
0.0015012812111
0.00162638797869
0.00112596090832
0.00112596090832
0.0028774556546
0.00262724211942
0.0028774556546
0.0028774556546
0.00237702858424
0.00212681504905
0.00225192181665
0.00262724211942
0.00175149474628
0.00250213535183
0.00200170828146
0.00125106767591
0.00300256242219
0.00200170828146
0.00262724211942
0.00200170828146
0.00200170828146
0.0015012812111
0.00175149474628
0.00200170828146
0.00300256242219
0.00212681504905
0.00100085414073
0.00300256242219
0.00187660151387
0.00225192181665
0.00137617444351
0.00250213535183
0.00225192181665
0.00200170828146
0.00175149474628
0.00275234888701
0.00187660151387
0.00237702858424
0.00262724211942
0.0015012812111
0.00137617444351
0.0015012812111
0.00212681504905
0.00250213535183
0.00175149474628
0.00225192181665
0.00200170828146
0.00175149474628
0.00125106767591
0.00187660151387
0.00262724211942
0.00200170828146
0.00275234888701
0.00175149474628
0.00125106767591
0.00212681504905
0.0015012812111
0.00187660151387
0.00200170828146
0.000500427070366
0.00125106767591
0.00262724211942
0.00162638797869
0.00212681504905
0.00187660151387
0.00237702858424
0.0015012812111
0.00187660151387
0.00237702858424
0.00175149474628
0.00187660151387
0.00212681504905
0.00125106767591
0.00200170828146
0.00137617444351
0.00187660151387
0.00125106767591
0.00175149474628
0.00250213535183
0.00187660151387
0.00175149474628
0.00187660151387
0.00112596090832
0.00175149474628
0.00237702858424
0.00200170828146
0.0028774556546
0.00187660151387
0.00162638797869
0.00175149474628
0.00175149474628
0.00312766918979
0.0015012812111
0.00137617444351
0.00112596090832
0.00200170828146
0.00100085414073
0.00125106767591
0.00175149474628
0.0015012812111
0.00162638797869
0.0015012812111
0.00250213535183
0.00200170828146
0.00175149474628
0.00200170828146
0.0015012812111
0.00100085414073
0.00175149474628
0.00225192181665
0.00100085414073
0.00200170828146
0.00162638797869
0.00225192181665
0.00175149474628
0.00175149474628
0.00112596090832
0.0015012812111
0.00225192181665
0.00125106767591
0.00100085414073
0.00225192181665
0.00125106767591
0.00125106767591
0.00125106767591
0.00187660151387
0.00125106767591
0.00187660151387
0.0015012812111
0.0015012812111
0.00162638797869
0.00112596090832
0.00125106767591
0.0015012812111
0.00212681504905
0.00175149474628
0.000750640605549
0.00200170828146
0.00100085414073
0.00137617444351
0.00125106767591
0.0015012812111
0.00162638797869
0.0015012812111
0.00162638797869
0.00112596090832
0.0015012812111
0.00137617444351
0.00225192181665
0.00112596090832
0.00112596090832
0.00125106767591
0.00262724211942
0.00200170828146
0.00162638797869
0.00137617444351
0.00175149474628
0.00100085414073
0.00187660151387
0.00137617444351
0.00162638797869
0.00212681504905
0.00162638797869
0.00175149474628
0.00112596090832
0.00187660151387
0.00200170828146
0.00087574737314
0.00125106767591
0.00112596090832
0.00100085414073
0.00162638797869
0.00187660151387
0.00112596090832
0.000625533837957
0.00112596090832
0.00100085414073
0.00137617444351
0.0015012812111
0.00162638797869
0.00125106767591
0.000750640605549
0.00137617444351
0.00137617444351
0.00162638797869
0.00137617444351
0.00100085414073
0.00100085414073
0.0015012812111
0.000625533837957
0.00100085414073
0.00100085414073
0.00125106767591
0.000625533837957
0.00087574737314
0.00212681504905
0.00125106767591
0.00162638797869
0.00125106767591
0.00100085414073
0.00112596090832
0.00175149474628
0.00162638797869
0.00200170828146
0.00112596090832
0.00162638797869
0.00175149474628
0.00100085414073
0.000375320302774
0.00162638797869
0.00125106767591
0.000750640605549
0.00087574737314
0.00100085414073
0.00112596090832
0.00125106767591
0.00087574737314
0.00112596090832
0.00175149474628
0.00112596090832
0.00162638797869
0.00125106767591
0.00112596090832
0.00100085414073
0.00125106767591
0.00112596090832
0.00125106767591
0.00125106767591
0.00125106767591
0.0015012812111
0.00100085414073
0.00125106767591
0.00137617444351
0.000750640605549
0.000375320302774
0.00100085414073
0.00137617444351
0.00125106767591
0.00087574737314
0.000750640605549
0.0015012812111
0.00112596090832
0.00100085414073
0.00162638797869
0.00112596090832
0.00200170828146
0.0015012812111
0.00087574737314
0.000750640605549
0.00125106767591
0.00200170828146
0.00125106767591
0.0015012812111
0.00087574737314
0.00087574737314
0.000625533837957
0.00112596090832
0.00137617444351
0.00087574737314
0.00087574737314
0.00112596090832
0.000500427070366
0.00137617444351
0.0015012812111
0.00087574737314
0.00137617444351
0.00175149474628
0.00200170828146
0.00137617444351
0.00112596090832
0.000500427070366
0.00125106767591
0.00100085414073
0.00087574737314
0.000625533837957
0.000750640605549
0.00087574737314
0.000750640605549
0.00087574737314
0.00137617444351
0.000750640605549
0.00125106767591
0.00125106767591
0.00100085414073
0.00087574737314
0.000750640605549
0.000500427070366
0.00125106767591
0.00087574737314
0.0015012812111
0.00125106767591
0.000750640605549
0.00125106767591
0.00162638797869
0.00125106767591
0.000750640605549
0.00137617444351
0.00162638797869
0.00100085414073
0.00175149474628
0.00100085414073
0.00187660151387
0.000625533837957
0.000375320302774
0.00187660151387
0.00162638797869
0.00112596090832
0.00087574737314
0.000750640605549
0.000625533837957
0.00100085414073
0.000750640605549
0.00087574737314
0.0015012812111
0.000625533837957
0.0015012812111
0.000750640605549
0.00125106767591
0.000375320302774
0.00100085414073
0.000750640605549
0.00087574737314
0.00112596090832
0.000750640605549
0.00100085414073
0.00125106767591
0.000625533837957
0.00087574737314
0.000625533837957
0.00087574737314
0.00125106767591
0.00112596090832
0.000625533837957
0.00125106767591
0.00087574737314
0.000625533837957
0.00112596090832
0.000375320302774
0.00137617444351
0.00087574737314
0.000500427070366
0.000500427070366
0.00087574737314
0.000750640605549
0.000625533837957
0.00087574737314
0.000375320302774
0.00100085414073
0.000500427070366
0.00087574737314
0.00137617444351
0.000750640605549
0.00100085414073
0.00087574737314
0.00125106767591
0.00087574737314
0.00125106767591
0.00087574737314
0.000500427070366
0.000375320302774
0.00087574737314
0.000250213535183
0.00087574737314
0.000750640605549
0.00087574737314
0.00112596090832
0.000500427070366
0.00125106767591
0.00112596090832
0.00087574737314
0.000625533837957
0.000125106767591
0.000625533837957
0.00162638797869
0.000625533837957
0.000500427070366
0.000625533837957
0.00100085414073
0.00125106767591
0.000500427070366
0.00125106767591
0.00087574737314
0.00100085414073
0.00087574737314
0.000500427070366
0.000750640605549
0.00100085414073
0.000375320302774
0.000375320302774
0.000750640605549
0.00100085414073
0.000750640605549
0.000750640605549
0.00087574737314
0.00112596090832
0.00112596090832
0.00087574737314
0.00112596090832
0.00087574737314
0.00112596090832
0.00112596090832
0.000500427070366
0.000500427070366
0.000625533837957
0.00087574737314
0.00100085414073
0.000375320302774
0.00087574737314
0.000250213535183
0.000750640605549
0.000250213535183
0.00100085414073
0.000750640605549
0.00112596090832
0.000750640605549
0.000500427070366
0.00087574737314
0.00137617444351
0.00087574737314
0.000500427070366
0.00100085414073
0.000500427070366
0.000625533837957
0.000375320302774
0.000500427070366
0.000750640605549
0.00087574737314
0.000375320302774
0.000750640605549
0.000750640605549
0.000125106767591
0.000625533837957
0.00100085414073
0.000375320302774
0.00125106767591
0.00112596090832
0.00100085414073
0.000500427070366
0.00100085414073
0.000500427070366
0.000750640605549
0.000375320302774
0.000750640605549
0.000500427070366
0.000250213535183
0.000625533837957
0.000750640605549
0.000375320302774
0.000375320302774
0.000750640605549
0.000500427070366
0.00100085414073
0.00087574737314
0.000375320302774
0.000375320302774
0.000750640605549
0.000500427070366
0.000500427070366
0.000375320302774
0.000625533837957
0.000500427070366
0.000625533837957
0.000500427070366
0.000750640605549
0.000500427070366
0.000625533837957
0.00087574737314
0.00100085414073
0.00100085414073
0.000625533837957
0.000625533837957
0.000750640605549
0.000500427070366
0.000750640605549
0.000750640605549
0.000500427070366
0.00137617444351
0.00087574737314
0.000750640605549
0.000625533837957
0.000250213535183
0.000375320302774
0.00087574737314
0.00112596090832
0.00087574737314
0.000625533837957
0.000750640605549
0.000500427070366
0.000375320302774
0.00087574737314
0.000125106767591
0.000125106767591
0.00100085414073
0.000625533837957
0.000625533837957
0.000625533837957
0.000750640605549
0.00112596090832
0.000625533837957
0.00100085414073
0.000625533837957
0.00087574737314
0.00100085414073
0.00087574737314
0.000625533837957
0.000750640605549
0.000625533837957
0.000500427070366
0.000750640605549
0.000500427070366
0.000125106767591
0.000125106767591
0.000625533837957
0.00112596090832
0.00100085414073
0.000250213535183
0.000500427070366
0.000750640605549
0.000625533837957
0.000625533837957
0.00087574737314
0.000500427070366
0.000500427070366
0.000500427070366
0.000500427070366
0.000500427070366
0.000125106767591
0.000250213535183
0.000500427070366
0.00112596090832
0.00087574737314
0.000250213535183
0.000375320302774
0.000375320302774
0.000750640605549
0.000750640605549
0.00087574737314
0.000500427070366
0.000250213535183
0.000750640605549
0.000125106767591
0.000375320302774
0.000375320302774
0.000500427070366
0.000500427070366
0.000500427070366
0.000625533837957
0.000750640605549
0.00100085414073
0.000625533837957
0.000625533837957
0.000625533837957
0.000250213535183
0.00137617444351
0.000625533837957
0.000125106767591
0.00087574737314
0.000375320302774
0.00087574737314
0.000375320302774
0.00087574737314
0.000750640605549
0.000250213535183
0.000375320302774
0.000625533837957
0.000250213535183
0.000250213535183
0.000625533837957
0.000125106767591
0.00087574737314
0.000500427070366
0.000250213535183
0.000500427070366
0.000625533837957
0.000375320302774
0.000250213535183
0.000375320302774
0.000125106767591
0.0
0.000375320302774
0.00100085414073
0.00087574737314
0.000625533837957
0.000250213535183
0.000750640605549
0.000250213535183
0.000375320302774
0.000250213535183
0.000125106767591
0.000375320302774
0.000750640605549
0.000125106767591
0.00087574737314
0.000125106767591
0.000250213535183
0.000500427070366
0.00100085414073
0.000250213535183
0.000625533837957
0.000625533837957
0.000625533837957
0.000250213535183
0.000375320302774
0.000500427070366
0.0
0.0
0.000375320302774
0.00125106767591
0.000125106767591
0.000125106767591
0.00087574737314
0.000375320302774
0.00100085414073
0.000625533837957
0.000250213535183
0.000500427070366
0.000625533837957
0.000500427070366
0.000125106767591
0.000375320302774
0.000375320302774
0.000500427070366
0.000500427070366
0.000250213535183
0.000375320302774
0.0
0.000625533837957
0.000500427070366
0.000500427070366
0.000500427070366
0.000250213535183
0.000250213535183
0.000375320302774
0.000375320302774
0.000500427070366
0.000500427070366
0.000125106767591
0.000250213535183
0.000500427070366
0.000625533837957
0.00087574737314
0.000375320302774
0.000250213535183
0.000500427070366
0.00087574737314
0.000500427070366
0.000375320302774
0.000125106767591
0.000625533837957
0.0
0.000625533837957
0.000375320302774
0.000250213535183
0.000250213535183
0.000250213535183
0.000500427070366
0.000250213535183
0.000125106767591
0.000750640605549
0.000250213535183
0.000500427070366
0.000250213535183
0.00087574737314
0.0600512484439
