3.7699108243
3.39948414576e-05
4.91036598832e-05
7.55440921279e-05
7.93212967343e-05
8.68757059471e-05
8.68757059471e-05
6.04352737023e-05
6.42124783087e-05
7.17668875215e-05
4.91036598832e-05
3.39948414576e-05
4.53264552768e-05
6.79896829151e-05
5.66580690959e-05
7.17668875215e-05
3.02176368512e-05
3.7772046064e-05
3.39948414576e-05
3.02176368512e-05
2.26632276384e-05
2.64404322448e-05
1.51088184256e-05
2.26632276384e-05
1.8886023032e-05
1.8886023032e-05
7.55440921279e-06
3.7772046064e-06
7.55440921279e-06
1.13316138192e-05
2.26632276384e-05
0.0
0.0
7.55440921279e-06
3.7772046064e-06
0.0
3.7772046064e-06
0.0
3.7772046064e-06
7.55440921279e-06
0.0
3.7772046064e-06
3.7772046064e-06
0.0
7.55440921279e-06
3.7772046064e-06
7.55440921279e-06
0.0
0.0
0.0
0.0
0.0
3.7772046064e-06
0.0
0.0
0.0
0.0
0.0
3.7772046064e-06
0.0
7.55440921279e-06
3.7772046064e-06
0.0
0.0
3.7772046064e-06
0.0
0.0
0.0
7.55440921279e-06
3.7772046064e-06
3.7772046064e-06
0.0
0.0
0.0
0.0
0.0
0.0
0.0
3.7772046064e-06
0.0
3.7772046064e-06
3.7772046064e-06
0.0
0.0
0.0
0.0
0.0
0.0
0.0
0.0
0.0
3.7772046064e-06
0.0
0.0
0.0
0.0
0.0
0.0
0.0
0.0
0.0
0.0
3.7772046064e-06
0.0
0.0
0.0
3.7772046064e-06
0.0
0.0
0.0
0.0
0.0
3.7772046064e-06
0.0
3.7772046064e-06
0.0
0.0
0.0
0.0
3.7772046064e-06
0.0
0.0
0.0
0.0
0.0
0.0
0.0
0.0
3.7772046064e-06
0.0
3.7772046064e-06
3.7772046064e-06
0.0
0.0
0.0
0.0
3.7772046064e-06
0.0
3.7772046064e-06
0.0
0.0
0.0
3.7772046064e-06
0.0
0.0
0.0
0.0
0.0
0.0
3.7772046064e-06
0.0
0.0
3.7772046064e-06
3.7772046064e-06
0.0
0.0
3.7772046064e-06
7.55440921279e-06
0.0
0.0
0.0
3.7772046064e-06
3.7772046064e-06
0.0
0.0
0.0
0.0
3.7772046064e-06
0.0
0.0
3.7772046064e-06
0.0
0.0
0.0
0.0
7.55440921279e-06
0.0
0.0
3.7772046064e-06
0.0
0.0
3.7772046064e-06
0.0
0.0
0.0
0.0
0.0
3.7772046064e-06
0.0
3.7772046064e-06
0.0
3.7772046064e-06
0.0
0.0
0.0
0.0
0.0
0.0
7.55440921279e-06
3.7772046064e-06
3.7772046064e-06
0.0
0.0
0.0
0.0
0.0
0.0
7.55440921279e-06
0.0
0.0
0.0
0.0
0.0
0.0
0.0
3.7772046064e-06
0.0
3.7772046064e-06
0.0
0.0
3.7772046064e-06
0.0
3.7772046064e-06
0.0
0.0
0.0
3.7772046064e-06
0.0
7.55440921279e-06
0.0
7.55440921279e-06
3.7772046064e-06
0.0
0.0
0.0
0.0
3.7772046064e-06
0.0
0.0
3.7772046064e-06
3.7772046064e-06
0.0
0.0
3.7772046064e-06
0.0
0.0
3.7772046064e-06
0.0
3.7772046064e-06
3.7772046064e-06
3.7772046064e-06
7.55440921279e-06
3.7772046064e-06
0.0
0.0
0.0
0.0
3.7772046064e-06
7.55440921279e-06
0.0
0.0
3.7772046064e-06
0.0
3.7772046064e-06
0.0
0.0
0.0
0.0
0.0
0.0
0.0
3.7772046064e-06
3.7772046064e-06
3.7772046064e-06
3.7772046064e-06
0.0
3.7772046064e-06
7.55440921279e-06
0.0
3.7772046064e-06
0.0
0.0
3.7772046064e-06
0.0
0.0
0.0
0.0
0.0
0.0
0.0
3.7772046064e-06
0.0
0.0
3.7772046064e-06
3.7772046064e-06
0.0
0.0
0.0
0.0
7.55440921279e-06
3.7772046064e-06
0.0
3.7772046064e-06
0.0
0.0
0.0
0.0
0.0
0.0
3.7772046064e-06
0.0
3.7772046064e-06
3.7772046064e-06
0.0
3.7772046064e-06
0.0
7.55440921279e-06
7.55440921279e-06
0.0
0.0
3.7772046064e-06
0.0
3.7772046064e-06
0.0
3.7772046064e-06
0.0
0.0
0.0
7.55440921279e-06
0.0
3.7772046064e-06
0.0
7.55440921279e-06
7.55440921279e-06
0.0
0.0
7.55440921279e-06
3.7772046064e-06
0.0
0.0
0.0
7.55440921279e-06
0.0
0.0
0.0
0.0
0.0
0.0
0.0
7.55440921279e-06
0.0
0.0
3.7772046064e-06
7.55440921279e-06
3.7772046064e-06
0.0
0.0
0.0
7.55440921279e-06
0.0
3.7772046064e-06
1.51088184256e-05
0.0
0.0
0.0
3.7772046064e-06
0.0
3.7772046064e-06
3.7772046064e-06
0.0
0.0
0.0
0.0
3.7772046064e-06
3.7772046064e-06
1.13316138192e-05
0.0
3.7772046064e-06
0.0
7.55440921279e-06
3.7772046064e-06
0.0
0.0
7.55440921279e-06
7.55440921279e-06
7.55440921279e-06
0.0
0.0
0.0
0.0
3.7772046064e-06
3.7772046064e-06
3.7772046064e-06
0.0
0.0
0.0
7.55440921279e-06
0.0
7.55440921279e-06
3.7772046064e-06
0.0
0.0
0.0
3.7772046064e-06
0.0
3.7772046064e-06
0.0
0.0
3.7772046064e-06
7.55440921279e-06
3.7772046064e-06
0.0
0.0
0.0
0.0
3.7772046064e-06
7.55440921279e-06
3.7772046064e-06
0.0
0.0
0.0
3.7772046064e-06
3.7772046064e-06
0.0
1.13316138192e-05
0.0
3.7772046064e-06
0.0
3.7772046064e-06
1.13316138192e-05
0.0
0.0
3.7772046064e-06
1.51088184256e-05
0.0
0.0
3.7772046064e-06
3.7772046064e-06
3.7772046064e-06
7.55440921279e-06
3.7772046064e-06
0.0
3.7772046064e-06
0.0
3.7772046064e-06
0.0
3.7772046064e-06
3.7772046064e-06
3.7772046064e-06
7.55440921279e-06
0.0
3.7772046064e-06
3.7772046064e-06
3.7772046064e-06
0.0
0.0
0.0
7.55440921279e-06
3.7772046064e-06
3.7772046064e-06
3.7772046064e-06
7.55440921279e-06
0.0
0.0
0.0
3.7772046064e-06
3.7772046064e-06
0.0
1.51088184256e-05
0.0
0.0
0.0
7.55440921279e-06
3.7772046064e-06
1.51088184256e-05
0.0
3.7772046064e-06
0.0
7.55440921279e-06
0.0
0.0
3.7772046064e-06
7.55440921279e-06
3.7772046064e-06
3.7772046064e-06
0.0
1.13316138192e-05
3.7772046064e-06
3.7772046064e-06
0.0
3.7772046064e-06
3.7772046064e-06
0.0
3.7772046064e-06
3.7772046064e-06
7.55440921279e-06
7.55440921279e-06
0.0
0.0
0.0
3.7772046064e-06
0.0
3.7772046064e-06
0.0
0.0
3.7772046064e-06
3.7772046064e-06
3.7772046064e-06
7.55440921279e-06
1.13316138192e-05
7.55440921279e-06
7.55440921279e-06
3.7772046064e-06
3.7772046064e-06
3.7772046064e-06
0.0
0.0
3.7772046064e-06
0.0
0.0
7.55440921279e-06
0.0
7.55440921279e-06
0.0
1.13316138192e-05
0.0
3.7772046064e-06
0.0
0.0
0.0
7.55440921279e-06
3.7772046064e-06
0.0
0.0
3.7772046064e-06
3.7772046064e-06
7.55440921279e-06
3.7772046064e-06
0.0
7.55440921279e-06
7.55440921279e-06
7.55440921279e-06
7.55440921279e-06
0.0
7.55440921279e-06
3.7772046064e-06
0.0
0.0
0.0
3.7772046064e-06
3.7772046064e-06
3.7772046064e-06
3.7772046064e-06
0.0
0.0
7.55440921279e-06
0.0
0.0
3.7772046064e-06
3.7772046064e-06
3.7772046064e-06
7.55440921279e-06
3.7772046064e-06
3.7772046064e-06
7.55440921279e-06
3.7772046064e-06
1.51088184256e-05
0.0
0.0
7.55440921279e-06
3.7772046064e-06
0.0
0.0
7.55440921279e-06
3.7772046064e-06
0.0
3.7772046064e-06
3.7772046064e-06
3.7772046064e-06
7.55440921279e-06
0.0
1.13316138192e-05
3.7772046064e-06
0.0
0.0
3.7772046064e-06
3.7772046064e-06
3.7772046064e-06
0.0
7.55440921279e-06
0.0
3.7772046064e-06
7.55440921279e-06
0.0
3.7772046064e-06
1.13316138192e-05
1.51088184256e-05
7.55440921279e-06
0.0
3.7772046064e-06
3.7772046064e-06
3.7772046064e-06
0.0
0.0
0.0
1.13316138192e-05
3.7772046064e-06
3.7772046064e-06
3.7772046064e-06
7.55440921279e-06
7.55440921279e-06
0.0
0.0
0.0
0.0
0.0
0.0
0.0
0.0
0.0
0.0
0.0
0.0
0.0
3.7772046064e-06
3.7772046064e-06
0.0
0.0
0.0
3.7772046064e-06
3.7772046064e-06
0.0
0.0
1.13316138192e-05
3.7772046064e-06
3.7772046064e-06
3.7772046064e-06
3.7772046064e-06
3.7772046064e-06
3.7772046064e-06
7.55440921279e-06
3.7772046064e-06
0.0
3.7772046064e-06
0.0
3.7772046064e-06
0.0
3.7772046064e-06
3.7772046064e-06
0.0
0.0
7.55440921279e-06
0.0
0.0
0.0
0.0
0.0
3.7772046064e-06
0.0
3.7772046064e-06
3.7772046064e-06
7.55440921279e-06
3.7772046064e-06
0.0
0.0
1.13316138192e-05
1.13316138192e-05
0.0
0.0
3.7772046064e-06
7.55440921279e-06
3.7772046064e-06
3.7772046064e-06
3.7772046064e-06
7.55440921279e-06
7.55440921279e-06
0.0
0.0
3.7772046064e-06
3.7772046064e-06
7.55440921279e-06
0.0
0.0
0.0
3.7772046064e-06
0.0
0.0
3.7772046064e-06
3.7772046064e-06
0.0
7.55440921279e-06
0.0
0.0
0.0
0.0
3.7772046064e-06
0.0
0.0
0.0
0.0
0.0
7.55440921279e-06
0.0
0.0
1.13316138192e-05
0.0
0.0
3.7772046064e-06
1.13316138192e-05
0.0
0.0
0.0
0.0
3.7772046064e-06
3.7772046064e-06
0.0
3.7772046064e-06
0.0
0.0
3.7772046064e-06
3.7772046064e-06
0.0
3.7772046064e-06
7.55440921279e-06
3.7772046064e-06
0.0
3.7772046064e-06
3.7772046064e-06
0.0
0.0
0.0
0.0
0.0
3.7772046064e-06
3.7772046064e-06
3.7772046064e-06
0.0
0.0
3.7772046064e-06
0.0
0.0
0.0
0.0
1.13316138192e-05
3.7772046064e-06
0.0
3.7772046064e-06
0.0
3.7772046064e-06
0.0
7.55440921279e-06
1.13316138192e-05
7.55440921279e-06
3.7772046064e-06
3.7772046064e-06
0.0
3.7772046064e-06
3.7772046064e-06
0.0
3.7772046064e-06
3.7772046064e-06
3.7772046064e-06
0.0
3.7772046064e-06
3.7772046064e-06
0.0
3.7772046064e-06
3.7772046064e-06
0.0
0.0
3.7772046064e-06
7.55440921279e-06
0.0
0.0
3.7772046064e-06
0.0
0.0
3.7772046064e-06
0.0
0.0
0.0
7.55440921279e-06
1.13316138192e-05
0.0
0.0
3.7772046064e-06
0.0
3.7772046064e-06
3.7772046064e-06
3.7772046064e-06
0.0
0.0
0.0
0.0
0.0
0.0
0.0
0.0
3.7772046064e-06
0.0
0.0
0.0
7.55440921279e-06
0.0
0.0
0.0
0.0
1.13316138192e-05
0.0
0.0
3.7772046064e-06
7.55440921279e-06
0.0
3.7772046064e-06
0.0
0.0
0.0
0.0
0.0
3.7772046064e-06
0.0
3.7772046064e-06
0.0
3.7772046064e-06
0.0
0.0
3.7772046064e-06
0.0
0.0
0.0
3.7772046064e-06
0.0
3.7772046064e-06
0.0
1.13316138192e-05
7.55440921279e-06
7.55440921279e-06
7.55440921279e-06
3.7772046064e-06
3.7772046064e-06
0.0
3.7772046064e-06
3.7772046064e-06
0.0
3.7772046064e-06
0.0
3.7772046064e-06
0.0
0.0
0.0
0.0
3.7772046064e-06
3.7772046064e-06
3.7772046064e-06
7.55440921279e-06
0.0
0.0
3.7772046064e-06
1.51088184256e-05
0.0
3.7772046064e-06
0.0
3.7772046064e-06
0.0
1.13316138192e-05
0.0
0.0
0.0
3.7772046064e-06
0.0
3.7772046064e-06
7.55440921279e-06
3.7772046064e-06
0.0
0.0
0.0
7.55440921279e-06
0.0
3.7772046064e-06
3.7772046064e-06
3.7772046064e-06
0.0
0.0
0.0
0.0
0.0
0.0
0.0
0.0
3.7772046064e-06
7.55440921279e-06
3.7772046064e-06
3.7772046064e-06
0.0
3.7772046064e-06
3.7772046064e-06
0.0
0.0
7.55440921279e-06
0.0
0.0
7.55440921279e-06
0.0
0.0
3.7772046064e-06
7.55440921279e-06
0.0
0.0
0.0
3.7772046064e-06
3.7772046064e-06
3.7772046064e-06
3.7772046064e-06
0.0
3.7772046064e-06
0.0
3.7772046064e-06
3.7772046064e-06
0.0
0.0
0.0
0.0
0.0
0.0
3.7772046064e-06
3.7772046064e-06
0.0
0.0
0.0
3.7772046064e-06
3.7772046064e-06
3.7772046064e-06
0.0
0.0
0.0
7.55440921279e-06
3.7772046064e-06
0.0
0.0
3.7772046064e-06
0.0
7.55440921279e-06
0.0
7.55440921279e-06
0.0
0.0
3.7772046064e-06
3.7772046064e-06
7.55440921279e-06
1.13316138192e-05
3.7772046064e-06
7.55440921279e-06
3.7772046064e-06
3.7772046064e-06
3.7772046064e-06
0.0
3.7772046064e-06
3.7772046064e-06
7.55440921279e-06
0.0
3.7772046064e-06
3.7772046064e-06
3.7772046064e-06
7.55440921279e-06
0.0
7.55440921279e-06
0.0
0.0
3.7772046064e-06
3.7772046064e-06
0.0
7.55440921279e-06
0.0
3.7772046064e-06
0.0
3.7772046064e-06
3.7772046064e-06
0.0
0.0
3.7772046064e-06
0.0
7.55440921279e-06
7.55440921279e-06
3.7772046064e-06
3.7772046064e-06
0.0
0.0
0.0
3.7772046064e-06
3.7772046064e-06
3.7772046064e-06
0.0
7.55440921279e-06
3.7772046064e-06
3.7772046064e-06
3.7772046064e-06
0.0
0.0
0.0
0.0
0.00374320976494
