5
5.59642
6.19285
6.78927
7.3857
7.98212
8.57855
9.17497
9.7714
10.3678
10.9642
11.5607
12.1571
12.7535
13.3499
13.9464
14.5428
15.1392
15.7356
16.3321
16.9285
17.5249
18.1213
18.7178
19.3142
19.9106
20.507
21.1035
21.6999
22.2963
22.8927
23.4892
24.0856
24.682
25.2784
25.8749
26.4713
27.0677
27.6641
28.2606
28.857
29.4534
30.0498
30.6463
31.2427
31.8391
32.4355
33.032
33.6284
34.2248
34.8212
35.4177
36.0141
36.6105
37.2069
37.8034
38.3998
38.9962
39.5926
40.1891
40.7855
41.3819
41.9783
42.5748
43.1712
43.7676
44.364
44.9605
45.5569
46.1533
46.7497
47.3462
47.9426
48.539
49.1354
49.7319
50.3283
50.9247
51.5211
52.1176
52.714
53.3104
53.9068
54.5033
55.0997
55.6961
56.2925
56.889
57.4854
58.0818
58.6782
59.2747
59.8711
60.4675
61.0639
61.6604
62.2568
62.8532
63.4496
64.0461
64.6425
65.2389
65.8353
66.4317
67.0282
67.6246
68.221
68.8174
69.4139
70.0103
70.6067
71.2031
71.7996
72.396
72.9924
73.5888
74.1853
74.7817
75.3781
75.9745
76.571
77.1674
77.7638
78.3602
78.9567
79.5531
80.1495
80.7459
81.3424
81.9388
82.5352
83.1316
83.7281
84.3245
84.9209
85.5173
86.1138
86.7102
87.3066
87.903
88.4995
89.0959
89.6923
90.2887
90.8852
91.4816
92.078
92.6744
93.2709
93.8673
94.4637
95.0601
95.6566
96.253
96.8494
97.4458
98.0423
98.6387
99.2351
99.8315
100.428
101.024
101.621
102.217
102.814
103.41
104.007
104.603
105.199
105.796
106.392
106.989
107.585
108.181
108.778
109.374
109.971
110.567
111.164
111.76
112.356
112.953
113.549
114.146
114.742
115.339
115.935
116.531
117.128
117.724
118.321
118.917
119.514
120.11
120.706
121.303
121.899
122.496
123.092
123.689
124.285
124.881
125.478
126.074
126.671
127.267
127.863
128.46
129.056
129.653
130.249
130.846
131.442
132.038
132.635
133.231
133.828
134.424
135.021
135.617
136.213
136.81
137.406
138.003
138.599
139.196
139.792
140.388
140.985
141.581
142.178
142.774
143.371
143.967
144.563
145.16
145.756
146.353
146.949
147.546
148.142
148.738
149.335
149.931
150.528
151.124
151.72
152.317
152.913
153.51
154.106
154.703
155.299
155.895
156.492
157.088
157.685
158.281
158.878
159.474
160.07
160.667
161.263
161.86
162.456
163.053
163.649
164.245
164.842
165.438
166.035
166.631
167.228
167.824
168.42
169.017
169.613
170.21
170.806
171.402
171.999
172.595
173.192
173.788
174.385
174.981
175.577
176.174
176.77
177.367
177.963
178.56
179.156
179.752
180.349
180.945
181.542
182.138
182.735
183.331
183.927
184.524
185.12
185.717
186.313
186.91
187.506
188.102
188.699
189.295
189.892
190.488
191.085
191.681
192.277
192.874
193.47
194.067
194.663
195.259
195.856
196.452
197.049
197.645
198.242
198.838
199.434
200.031
200.627
201.224
201.82
202.417
203.013
203.609
204.206
204.802
205.399
205.995
206.592
207.188
207.784
208.381
208.977
209.574
210.17
210.767
211.363
211.959
212.556
213.152
213.749
214.345
214.941
215.538
216.134
216.731
217.327
217.924
218.52
219.116
219.713
220.309
220.906
221.502
222.099
222.695
223.291
223.888
224.484
225.081
225.677
226.274
226.87
227.466
228.063
228.659
229.256
229.852
230.449
231.045
231.641
232.238
232.834
233.431
234.027
234.624
235.22
235.816
236.413
237.009
237.606
238.202
238.798
239.395
239.991
240.588
241.184
241.781
242.377
242.973
243.57
244.166
244.763
245.359
245.956
246.552
247.148
247.745
248.341
248.938
249.534
250.131
250.727
251.323
251.92
252.516
253.113
253.709
254.306
254.902
255.498
256.095
256.691
257.288
257.884
258.48
259.077
259.673
260.27
260.866
261.463
262.059
262.655
263.252
263.848
264.445
265.041
265.638
266.234
266.83
267.427
268.023
268.62
269.216
269.813
270.409
271.005
271.602
272.198
272.795
273.391
273.988
274.584
275.18
275.777
276.373
276.97
277.566
278.163
278.759
279.355
279.952
280.548
281.145
281.741
282.337
282.934
283.53
284.127
284.723
285.32
285.916
286.512
287.109
287.705
288.302
288.898
289.495
290.091
290.687
291.284
291.88
292.477
293.073
293.67
294.266
294.862
295.459
296.055
296.652
297.248
297.845
298.441
299.037
299.634
300.23
300.827
301.423
302.02
302.616
303.212
303.809
304.405
305.002
305.598
306.194
306.791
307.387
307.984
308.58
309.177
309.773
310.369
310.966
311.562
312.159
312.755
313.352
313.948
314.544
315.141
315.737
316.334
316.93
317.527
318.123
318.719
319.316
319.912
320.509
321.105
321.702
322.298
322.894
323.491
324.087
324.684
325.28
325.876
326.473
327.069
327.666
328.262
328.859
329.455
330.051
330.648
331.244
331.841
332.437
333.034
333.63
334.226
334.823
335.419
336.016
336.612
337.209
337.805
338.401
338.998
339.594
340.191
340.787
341.384
341.98
342.576
343.173
343.769
344.366
344.962
345.559
346.155
346.751
347.348
347.944
348.541
349.137
349.733
350.33
350.926
351.523
352.119
352.716
353.312
353.908
354.505
355.101
355.698
356.294
356.891
357.487
358.083
358.68
359.276
359.873
360.469
361.066
361.662
362.258
362.855
363.451
364.048
364.644
365.241
365.837
366.433
367.03
367.626
368.223
368.819
369.415
370.012
370.608
371.205
371.801
372.398
372.994
373.59
374.187
374.783
375.38
375.976
376.573
377.169
377.765
378.362
378.958
379.555
380.151
380.748
381.344
381.94
382.537
383.133
383.73
384.326
384.923
385.519
386.115
386.712
387.308
387.905
388.501
389.098
389.694
390.29
390.887
391.483
392.08
392.676
393.272
393.869
394.465
395.062
395.658
396.255
396.851
397.447
398.044
398.64
399.237
399.833
400.43
401.026
401.622
402.219
402.815
403.412
404.008
404.605
405.201
405.797
406.394
406.99
407.587
408.183
408.78
409.376
409.972
410.569
411.165
411.762
412.358
412.955
413.551
414.147
414.744
415.34
415.937
416.533
417.129
417.726
418.322
418.919
419.515
420.112
420.708
421.304
421.901
422.497
423.094
423.69
424.287
424.883
425.479
426.076
426.672
427.269
427.865
428.462
429.058
429.654
430.251
430.847
431.444
432.04
432.637
433.233
433.829
434.426
435.022
435.619
436.215
436.811
437.408
438.004
438.601
439.197
439.794
440.39
440.986
441.583
442.179
442.776
443.372
443.969
444.565
445.161
445.758
446.354
446.951
447.547
448.144
448.74
449.336
449.933
450.529
451.126
451.722
452.319
452.915
453.511
454.108
454.704
455.301
455.897
456.494
457.09
457.686
458.283
458.879
459.476
460.072
460.668
461.265
461.861
462.458
463.054
463.651
464.247
464.843
465.44
466.036
466.633
467.229
467.826
468.422
469.018
469.615
470.211
470.808
471.404
472.001
472.597
473.193
473.79
474.386
474.983
475.579
476.176
476.772
477.368
477.965
478.561
479.158
479.754
480.35
480.947
481.543
482.14
482.736
483.333
483.929
484.525
485.122
485.718
486.315
486.911
487.508
488.104
488.7
489.297
489.893
490.49
491.086
491.683
492.279
492.875
493.472
494.068
494.665
495.261
495.858
496.454
497.05
497.647
498.243
498.84
499.436
500.033
500.629
501.225
501.822
502.418
503.015
503.611
504.207
504.804
505.4
505.997
506.593
507.19
507.786
508.382
508.979
509.575
510.172
510.768
511.365
511.961
512.557
513.154
513.75
514.347
514.943
515.54
516.136
516.732
517.329
517.925
518.522
519.118
519.715
520.311
520.907
521.504
522.1
522.697
523.293
523.89
524.486
525.082
525.679
526.275
526.872
527.468
528.065
528.661
529.257
529.854
530.45
531.047
531.643
532.239
532.836
533.432
534.029
534.625
535.222
535.818
536.414
537.011
537.607
538.204
538.8
539.397
539.993
540.589
541.186
541.782
542.379
542.975
543.572
544.168
544.764
545.361
545.957
546.554
547.15
547.747
548.343
548.939
549.536
550.132
550.729
551.325
551.921
552.518
553.114
553.711
554.307
554.904
555.5
556.096
556.693
557.289
557.886
558.482
559.079
559.675
560.271
560.868
561.464
562.061
562.657
563.254
563.85
564.446
565.043
565.639
566.236
566.832
567.429
568.025
568.621
569.218
569.814
570.411
571.007
571.604
572.2
572.796
573.393
573.989
574.586
575.182
575.778
576.375
576.971
577.568
578.164
578.761
579.357
579.953
580.55
581.146
581.743
582.339
582.936
583.532
584.128
584.725
585.321
585.918
586.514
587.111
587.707
588.303
588.9
589.496
590.093
590.689
591.286
591.882
592.478
593.075
593.671
594.268
594.864
595.461
596.057
596.653
597.25
597.846
598.443
599.039
599.635
600.232
600.828
601.425
605.823
610.222
614.62
619.019
623.418
627.816
632.215
636.613
641.012
645.41
649.809
654.208
658.606
663.005
667.403
671.802
676.201
680.599
684.998
689.396
693.795
698.193
702.592
706.991
711.389
715.788
720.186
724.585
728.983
733.382
737.781
742.179
746.578
750.976
755.375
759.773
764.172
768.571
772.969
777.368
781.766
786.165
790.563
794.962
799.361
803.759
808.158
812.556
816.955
821.354
825.752
830.151
834.549
838.948
843.346
847.745
852.143
856.542
860.941
865.339
869.738
874.136
878.535
882.934
887.332
891.731
896.129
900.528
904.926
909.325
913.724
918.122
922.521
926.919
931.318
935.716
940.115
944.514
948.912
953.311
957.709
962.108
966.506
970.905
975.304
979.702
984.101
988.499
992.898
997.297
1001.7
1006.09
1010.49
1014.89
1019.29
1023.69
1028.09
1032.49
1036.88
1041.28
1045.68
1050.08
1054.48
1058.88
1063.28
1067.67
1072.07
1076.47
1080.87
1085.27
1089.67
1094.07
1098.46
1102.86
1107.26
1111.66
1116.06
1120.46
1124.86
1129.25
1133.65
1138.05
1142.45
1146.85
1151.25
1155.65
1160.04
1164.44
1168.84
1173.24
1177.64
1182.04
1186.44
1190.83
1195.23
1199.63
1204.03
1208.43
1212.83
1217.23
1221.62
1226.02
1230.42
1234.82
1239.22
1243.62
1248.02
1252.41
1256.81
1261.21
1265.61
1270.01
1274.41
1278.81
1283.2
1287.6
1292
1296.4
1300.8
1305.2
1309.6
1313.99
1318.39
1322.79
1327.19
1331.59
1335.99
1340.39
1344.78
1349.18
1353.58
1357.98
1362.38
1366.78
1371.18
1375.57
1379.97
1384.37
1388.77
1393.17
1397.57
1401.97
1406.36
1410.76
1415.16
1419.56
1423.96
1428.36
1432.76
1437.15
1441.55
1445.95
1450.35
1454.75
1459.15
1463.55
1467.94
1472.34
1476.74
1481.14
1485.54
1489.94
1494.34
1498.73
1503.13
1507.53
1511.93
1516.33
1520.73
1525.13
1529.52
1533.92
1538.32
1542.72
1547.12
1551.52
1555.92
1560.31
1564.71
1569.11
1573.51
1577.91
1582.31
1586.71
1591.1
1595.5
1599.9
1604.3
1608.7
1613.1
1617.5
1621.89
1626.29
1630.69
1635.09
1639.49
1643.89
1648.29
1652.68
1657.08
1661.48
1665.88
1670.28
1674.68
1679.08
1683.47
1687.87
1692.27
1696.67
1701.07
1705.47
1709.87
1714.26
1718.66
1723.06
1727.46
1731.86
1736.26
1740.66
1745.05
1749.45
1753.85
1758.25
1762.65
1767.05
1771.45
1775.84
1780.24
1784.64
1789.04
1793.44
1797.84
1802.24
1806.63
1811.03
1815.43
1819.83
1824.23
1828.63
1833.03
1837.42
1841.82
1846.22
1850.62
1855.02
1859.42
1863.82
1868.21
1872.61
1877.01
1881.41
1885.81
1890.21
1894.61
1899
1903.4
1907.8
1912.2
1916.6
1921
1925.4
1929.79
1934.19
1938.59
1942.99
1947.39
1951.79
1956.19
1960.58
1964.98
1969.38
1973.78
1978.18
1982.58
1986.98
1991.37
1995.77
2000.17
2004.57
2008.97
2013.37
2017.77
2022.16
2026.56
2030.96
2035.36
2039.76
2044.16
2048.56
2052.95
2057.35
2061.75
2066.15
2070.55
2074.95
2079.35
2083.74
2088.14
2092.54
2096.94
2101.34
2105.74
2110.14
2114.53
2118.93
2123.33
2127.73
2132.13
2136.53
2140.93
2145.32
2149.72
2154.12
2158.52
2162.92
2167.32
2171.72
2176.11
2180.51
2184.91
2189.31
2193.71
2198.11
2202.51
2206.9
2211.3
2215.7
2220.1
2224.5
2228.9
2233.3
2237.69
2242.09
2246.49
2250.89
2255.29
2259.69
2264.09
2268.48
2272.88
2277.28
2281.68
2286.08
2290.48
2294.88
2299.27
2303.67
2308.07
2312.47
2316.87
2321.27
2325.67
2330.06
2334.46
2338.86
2343.26
2347.66
2352.06
2356.46
2360.85
2365.25
2369.65
2374.05
2378.45
2382.85
2387.25
2391.64
2396.04
2400.44
2404.84
2409.24
2413.64
2418.04
2422.43
2426.83
2431.23
2435.63
2440.03
2444.43
2448.83
2453.22
2457.62
2462.02
2466.42
2470.82
2475.22
2479.62
2484.01
2488.41
2492.81
2497.21
2501.61
2506.01
2510.41
2514.8
2519.2
2523.6
2528
2532.4
2536.8
2541.2
2545.59
2549.99
2554.39
2558.79
2563.19
2567.59
2571.99
2576.39
2580.78
2585.18
2589.58
2593.98
2598.38
2602.78
2607.18
2611.57
2615.97
2620.37
2624.77
2629.17
2633.57
2637.97
2642.36
2646.76
2651.16
2655.56
2659.96
2664.36
2668.76
2673.15
2677.55
2681.95
2686.35
2690.75
2695.15
2699.55
2703.94
2708.34
2712.74
2717.14
2721.54
2725.94
2730.34
2734.73
2739.13
2743.53
2747.93
2752.33
2756.73
2761.13
2765.52
2769.92
2774.32
2778.72
2783.12
2787.52
2791.92
2796.31
2800.71
2805.11
2809.51
2813.91
2818.31
2822.71
2827.1
2831.5
2835.9
2840.3
2844.7
2849.1
2853.5
2857.89
2862.29
2866.69
2871.09
2875.49
2879.89
2884.29
2888.68
2893.08
2897.48
2901.88
2906.28
2910.68
2915.08
2919.47
2923.87
2928.27
2932.67
2937.07
2941.47
2945.87
2950.26
2954.66
2959.06
2963.46
2967.86
2972.26
2976.66
2981.05
2985.45
2989.85
2994.25
2998.65
3003.05
3007.45
3011.84
3016.24
3020.64
3025.04
3029.44
3033.84
3038.24
3042.63
3047.03
3051.43
3055.83
3060.23
3064.63
3069.03
3073.42
3077.82
3082.22
3086.62
3091.02
3095.42
3099.82
3104.21
3108.61
3113.01
3117.41
3121.81
3126.21
3130.61
3135
3139.4
3143.8
3148.2
3152.6
3157
3161.4
3165.79
3170.19
3174.59
3178.99
3183.39
3187.79
3192.19
3196.58
3200.98
3205.38
3209.78
3214.18
3218.58
3222.98
3227.37
3231.77
3236.17
3240.57
3244.97
3249.37
3253.77
3258.16
3262.56
3266.96
3271.36
3275.76
3280.16
3284.56
3288.95
3293.35
3297.75
3302.15
3306.55
3310.95
3315.35
3319.74
3324.14
3328.54
3332.94
3337.34
3341.74
3346.14
3350.53
3354.93
3359.33
3363.73
3368.13
3372.53
3376.93
3381.32
3385.72
3390.12
3394.52
3398.92
3403.32
3407.72
3412.11
3416.51
3420.91
3425.31
3429.71
3434.11
3438.51
3442.9
3447.3
3451.7
3456.1
3460.5
3464.9
3469.3
3473.69
3478.09
3482.49
3486.89
3491.29
3495.69
3500.09
3504.48
3508.88
3513.28
3517.68
3522.08
3526.48
3530.88
3535.27
3539.67
3544.07
3548.47
3552.87
3557.27
3561.67
3566.06
3570.46
3574.86
3579.26
3583.66
3588.06
3592.46
3596.85
3601.25
3605.65
3610.05
3614.45
3618.85
3623.25
3627.64
3632.04
3636.44
3640.84
3645.24
3649.64
3654.04
3658.43
3662.83
3667.23
3671.63
3676.03
3680.43
3684.83
3689.22
3693.62
3698.02
3702.42
3706.82
3711.22
3715.62
3720.01
3724.41
3728.81
3733.21
3737.61
3742.01
3746.41
3750.8
3755.2
3759.6
3764
3768.4
3772.8
3777.2
3781.59
3785.99
3790.39
3794.79
3799.19
3803.59
3807.99
3812.38
3816.78
3821.18
3825.58
3829.98
3834.38
3838.78
3843.17
3847.57
3851.97
3856.37
3860.77
3865.17
3869.57
3873.96
3878.36
3882.76
3887.16
3891.56
3895.96
3900.36
3904.75
3909.15
3913.55
3917.95
3922.35
3926.75
3931.15
3935.54
3939.94
3944.34
3948.74
3953.14
3957.54
3961.94
3966.33
3970.73
3975.13
3979.53
3983.93
3988.33
3992.73
3997.12
4001.52
4005.92
4010.32
4014.72
4019.12
4023.52
4027.91
4032.31
4036.71
4041.11
4045.51
4049.91
4054.31
4058.7
4063.1
4067.5
4071.9
4076.3
4080.7
4085.1
4089.49
4093.89
4098.29
4102.69
4107.09
4111.49
4115.89
4120.29
4124.68
4129.08
4133.48
4137.88
4142.28
4146.68
4151.08
4155.47
4159.87
4164.27
4168.67
4173.07
4177.47
4181.87
4186.26
4190.66
4195.06
4199.46
4203.86
4208.26
4212.65
4217.05
4221.45
4225.85
4230.25
4234.65
4239.05
4243.44
4247.84
4252.24
4256.64
4261.04
4265.44
4269.84
4274.23
4278.63
4283.03
4287.43
4291.83
4296.23
4300.63
4305.02
4309.42
4313.82
4318.22
4322.62
4327.02
4331.42
4335.81
4340.21
4344.61
4349.01
4353.41
4357.81
4362.21
4366.6
4371
4375.4
4379.8
4384.2
4388.6
4393
4397.4
4401.79
4406.19
4410.59
4414.99
4419.39
4423.79
4428.19
4432.58
4436.98
4441.38
4445.78
4450.18
4454.58
4458.98
4463.37
4467.77
4472.17
4476.57
4480.97
4485.37
4489.77
4494.16
4498.56
4502.96
4507.36
4511.76
4516.16
4520.56
4524.95
4529.35
4533.75
4538.15
4542.55
4546.95
4551.35
4555.74
4560.14
4564.54
4568.94
4573.34
4577.74
4582.14
4586.53
4590.93
4595.33
4599.73
4604.13
4608.53
4612.93
4617.32
4621.72
4626.12
4630.52
4634.92
4639.32
4643.72
4648.11
4652.51
4656.91
4661.31
4665.71
4670.11
4674.51
4678.9
4683.3
4687.7
4692.1
4696.5
4700.9
4705.3
4709.69
4714.09
4718.49
4722.89
4727.29
4731.69
4736.09
4740.48
4744.88
4749.28
4753.68
4758.08
4762.48
4766.88
4771.27
4775.67
4780.07
4784.47
4788.87
4793.27
4797.67
4802.06
4806.46
4810.86
4815.26
4819.66
4824.06
4828.46
4832.85
4837.25
4841.65
4846.05
4850.45
4854.85
4859.25
4863.64
4868.04
4872.44
4876.84
4881.24
4885.64
4890.04
4894.43
4898.83
4903.23
4907.63
4912.03
4916.43
4920.83
4925.22
4929.62
4934.02
4938.42
4942.82
4947.22
4951.62
4956.01
4960.41
4964.81
4969.21
4973.61
4978.01
4982.41
4986.8
4991.2
4995.6
