846
1396
2028
3108
4208
5960
7909
10840
14331
18294
23254
29249
35550
43732
52190
61623
72010
83132
94207
105192
115801
124847
134868
142840
148953
154152
158929
161726
162769
163378
162311
161998
159688
157159
154701
152442
148301
145336
140756
138072
134909
131982
127578
124575
121104
117963
114923
112029
108960
106545
103161
100289
98096
95195
93218
90932
88056
86209
84818
82084
80280
78249
76930
75007
73415
71465
70181
68209
66742
65926
64304
62728
61735
60333
59072
58113
56641
55520
54251
53296
52900
51672
50721
49875
48688
47986
47304
46349
45577
45107
43884
43141
42369
41763
41253
40348
39613
39401
38191
38237
37386
36538
36222
35544
35387
34612
33739
33569
33213
32492
32207
31930
31277
30823
30301
30594
29714
29167
28584
28402
28114
27700
27256
26892
26867
25957
26051
25780
25525
24638
24610
24622
24257
23694
23392
23313
23025
22855
22460
22121
22188
21710
21549
21078
21124
20830
20492
20376
20546
19609
19627
19306
19200
19063
18979
18414
18323
18403
17764
17912
17500
17535
17469
17312
17204
16867
16654
16317
16328
16289
16217
15776
15920
15628
15661
15304
15294
15048
15070
14880
14539
14586
14476
14310
14128
13896
13837
13868
13646
13630
0
