   0.00500000      230.288                     2.94113
   0.00506970      225.997                     2.92523
   0.00514037      221.786                     2.90940
   0.00521202      217.654                     2.89366
   0.00528467      213.599                     2.87799
   0.00535834      209.619                     2.86241
   0.00543303      205.713                     2.84689
   0.00550876      201.880                     2.83146
   0.00558555      198.119                     2.81610
   0.00566341      194.427                     2.80082
   0.00574236      190.805                     2.78561
   0.00582240      187.250                     2.77048
   0.00590356      183.761                     2.75543
   0.00598586      180.337                     2.74045
   0.00606930      176.977                     2.72554
   0.00615390      173.679                     2.71071
   0.00623968      170.443                     2.69595
   0.00632666      167.268                     2.68126
   0.00641485      164.151                     2.66665
   0.00650427      161.092                     2.65210
   0.00659493      158.091                     2.63763
   0.00668686      155.145                     2.62324
   0.00678008      152.255                     2.60891
   0.00687459      149.418                     2.59466
   0.00697041      146.634                     2.58047
   0.00706758      143.902                     2.56636
   0.00716610      141.221                     2.55231
   0.00726599      138.589                     2.53834
   0.00736727      136.007                     2.52443
   0.00746997      133.473                     2.51059
   0.00757409      130.986                     2.49682
   0.00767967      128.545                     2.48312
   0.00778672      126.150                     2.46949
   0.00789527      123.800                     2.45593
   0.00800532      121.493                     2.44243
   0.00811691      119.230                     2.42900
   0.00823006      117.008                     2.41563
   0.00834478      114.828                     2.40233
   0.00846110      112.688                     2.38910
   0.00857905      110.589                     2.37593
   0.00869863      108.528                     2.36283
   0.00881989      106.506                     2.34980
   0.00894283      104.522                     2.33682
   0.00906749      102.574                     2.32392
   0.00919389      100.663                     2.31107
   0.00932204      98.7875                     2.29829
   0.00945199      96.9469                     2.28557
   0.00958374      95.1405                     2.27292
   0.00971733      93.3678                     2.26033
   0.00985279      91.6282                     2.24780
   0.00999013      89.9209                     2.23533
    0.0101294      88.2455                     2.22293
    0.0102706      86.6013                     2.21058
    0.0104138      84.9877                     2.19830
    0.0105589      83.4042                     2.18608
    0.0107061      81.8502                     2.17391
    0.0108553      80.3252                     2.16181
    0.0110067      78.8285                     2.14977
    0.0111601      77.3598                     2.13779
    0.0113156      75.9184                     2.12587
    0.0114734      74.5039                     2.11400
    0.0116333      73.1157                     2.10220
    0.0117955      71.7534                     2.09045
    0.0119599      70.4165                     2.07876
    0.0121266      69.1044                     2.06713
    0.0122957      67.8169                     2.05556
    0.0124670      66.5533                     2.04405
    0.0126408      65.3133                     2.03259
    0.0128170      64.0963                     2.02119
    0.0129957      62.9021                     2.00984
    0.0131769      61.7301                     1.99855
    0.0133605      60.5799                     1.98732
    0.0135468      59.4512                     1.97614
    0.0137356      58.3435                     1.96502
    0.0139271      57.2564                     1.95396
    0.0141212      56.1896                     1.94294
    0.0143180      55.1426                     1.93199
    0.0145176      54.1152                     1.92108
    0.0147200      53.1069                     1.91023
    0.0149252      52.1174                     1.89944
    0.0151332      51.1464                     1.88870
    0.0153442      50.1934                     1.87801
    0.0155581      49.2582                     1.86737
    0.0157750      48.3404                     1.85679
    0.0159948      47.4397                     1.84626
    0.0162178      46.5558                     1.83578
    0.0164439      45.6883                     1.82535
    0.0166731      44.8371                     1.81498
    0.0169055      44.0017                     1.80465
    0.0171412      43.1818                     1.79438
    0.0173801      42.3772                     1.78416
    0.0176224      41.5877                     1.77399
    0.0178680      40.8128                     1.76387
    0.0181171      40.0523                     1.75380
    0.0183696      39.3061                     1.74378
    0.0186257      38.5737                     1.73381
    0.0188853      37.8550                     1.72388
    0.0191486      37.1497                     1.71401
    0.0194155      36.4575                     1.70419
    0.0196861      35.7782                     1.69441
    0.0199605      35.1116                     1.68469
    0.0202388      34.4574                     1.67501
    0.0205209      33.8154                     1.66538
    0.0208070      33.1853                     1.65579
    0.0210970      32.5670                     1.64626
    0.0213911      31.9602                     1.63677
    0.0216893      31.3647                     1.62733
    0.0219916      30.7803                     1.61794
    0.0222981      30.2068                     1.60859
    0.0226090      29.6440                     1.59929
    0.0229241      29.0917                     1.59003
    0.0232437      28.5496                     1.58082
    0.0235677      28.0177                     1.57166
    0.0238962      27.4956                     1.56254
    0.0242293      26.9833                     1.55346
    0.0245670      26.4806                     1.54444
    0.0249095      25.9872                     1.53545
    0.0252567      25.5030                     1.52651
    0.0256088      25.0278                     1.51762
    0.0259658      24.5615                     1.50877
    0.0263277      24.1038                     1.49996
    0.0266947      23.6547                     1.49120
    0.0270668      23.2140                     1.48248
    0.0274441      22.7815                     1.47380
    0.0278267      22.3570                     1.46517
    0.0282145      21.9404                     1.45657
    0.0286078      21.5316                     1.44803
    0.0290066      21.1305                     1.43952
    0.0294110      20.7368                     1.43105
    0.0298209      20.3504                     1.42263
    0.0302366      19.9712                     1.41425
    0.0306581      19.5991                     1.40591
    0.0310855      19.2339                     1.39762
    0.0315188      18.8756                     1.38936
    0.0319581      18.5239                     1.38114
    0.0324036      18.1787                     1.37297
    0.0328553      17.8400                     1.36483
    0.0333133      17.5076                     1.35674
    0.0337776      17.1814                     1.34868
    0.0342485      16.8613                     1.34067
    0.0347259      16.5471                     1.33270
    0.0352100      16.2388                     1.32476
    0.0357008      15.9362                     1.31686
    0.0361984      15.6393                     1.30901
    0.0367030      15.3479                     1.30119
    0.0372146      15.0620                     1.29341
    0.0377334      14.7813                     1.28567
    0.0382593      14.5059                     1.27797
    0.0387927      14.2356                     1.27030
    0.0393334      13.9704                     1.26268
    0.0398817      13.7101                     1.25509
    0.0404376      13.4546                     1.24754
    0.0410013      13.2039                     1.24002
    0.0415728      12.9579                     1.23255
    0.0421523      12.7165                     1.22511
    0.0427399      12.4796                     1.21771
    0.0433357      12.2470                     1.21034
    0.0439398      12.0188                     1.20301
    0.0445523      11.7949                     1.19572
    0.0451733      11.5751                     1.18846
    0.0458030      11.3595                     1.18124
    0.0464415      11.1478                     1.17406
    0.0470888      10.9401                     1.16691
    0.0477452      10.7363                     1.15979
    0.0484108      10.5362                     1.15271
    0.0490856      10.3399                     1.14567
    0.0497698      10.1473                     1.13866
    0.0504636      9.95820                     1.13169
    0.0511670      9.77265                     1.12475
    0.0518803      9.59057                     1.11784
    0.0526034      9.41187                     1.11097
    0.0533367      9.23651                     1.10413
    0.0540802      9.06441                     1.09733
    0.0548340      8.89552                     1.09056
    0.0555984      8.72978                     1.08382
    0.0563734      8.56712                     1.07712
    0.0571592      8.40750                     1.07045
    0.0579560      8.25085                     1.06382
    0.0587639      8.09712                     1.05721
    0.0595830      7.94625                     1.05064
    0.0604135      7.79819                     1.04410
    0.0612557      7.65290                     1.03760
    0.0621096      7.51031                     1.03112
    0.0629753      7.37037                     1.02468
    0.0638532      7.23305                     1.01827
    0.0647432      7.09828                     1.01189
    0.0656457      6.96602                     1.00555
    0.0665608      6.83623                    0.999233
    0.0674886      6.70886                    0.992949
    0.0684294      6.58385                    0.986696
    0.0693832      6.46118                    0.980475
    0.0703504      6.34080                    0.974284
    0.0713310      6.22265                    0.968124
    0.0723254      6.10671                    0.961994
    0.0733335      5.99293                    0.955895
    0.0743558      5.88127                    0.949826
    0.0753923      5.77169                    0.943787
    0.0764432      5.66415                    0.937778
    0.0775088      5.55861                    0.931798
    0.0785892      5.45504                    0.925849
    0.0796847      5.35340                    0.919928
    0.0807954      5.25366                    0.914037
    0.0819217      5.15577                    0.908176
    0.0830636      5.05971                    0.902343
    0.0842215      4.96543                    0.896539
    0.0853955      4.87292                    0.890764
    0.0865859      4.78212                    0.885017
    0.0877928      4.69302                    0.879299
    0.0890166      4.60558                    0.873610
    0.0902574      4.51977                    0.867948
    0.0915156      4.43555                    0.862314
    0.0927913      4.35291                    0.856709
    0.0940847      4.27181                    0.851131
    0.0953962      4.19221                    0.845581
    0.0967260      4.11410                    0.840058
    0.0980743      4.03745                    0.834563
    0.0994414      3.96222                    0.829095
     0.100828      3.88840                    0.823653
     0.102233      3.81595                    0.818239
     0.103658      3.74485                    0.812852
     0.105103      3.67507                    0.807491
     0.106568      3.60660                    0.802157
     0.108054      3.53940                    0.796849
     0.109560      3.47345                    0.791568
     0.111087      3.40873                    0.786313
     0.112636      3.34522                    0.781084
     0.114206      3.28289                    0.775880
     0.115798      3.22172                    0.770703
     0.117412      3.16170                    0.765551
     0.119048      3.10279                    0.760424
     0.120708      3.04498                    0.755323
     0.122390      2.98824                    0.750247
     0.124097      2.93256                    0.745197
     0.125826      2.87792                    0.740171
     0.127580      2.82430                    0.735171
     0.129359      2.77168                    0.730195
     0.131162      2.72004                    0.725243
     0.132990      2.66935                    0.720317
     0.134844      2.61962                    0.715414
     0.136724      2.57081                    0.710536
     0.138630      2.52291                    0.705682
     0.140562      2.47590                    0.700852
     0.142521      2.42977                    0.696046
     0.144508      2.38450                    0.691264
     0.146522      2.34007                    0.686506
     0.148565      2.29647                    0.681771
     0.150636      2.25368                    0.677059
     0.152735      2.21169                    0.672371
     0.154865      2.17048                    0.667706
     0.157023      2.13004                    0.663065
     0.159212      2.09035                    0.658446
     0.161431      2.05141                    0.653850
     0.163682      2.01318                    0.649277
     0.165963      1.97567                    0.644726
     0.168277      1.93886                    0.640198
     0.170622      1.90274                    0.635692
     0.173001      1.86728                    0.631209
     0.175412      1.83249                    0.626748
     0.177858      1.79835                    0.622309
     0.180337      1.76484                    0.617892
     0.182851      1.73196                    0.613497
     0.185399      1.69969                    0.609124
     0.187984      1.66802                    0.604772
     0.190604      1.63694                    0.600442
     0.193261      1.60644                    0.596133
     0.195955      1.57651                    0.591846
     0.198687      1.54714                    0.587579
     0.201456      1.51831                    0.583335
     0.204264      1.49002                    0.579111
     0.207112      1.46226                    0.574907
     0.209999      1.43501                    0.570725
     0.212926      1.40827                    0.566564
     0.215894      1.38204                    0.562423
     0.218903      1.35628                    0.558302
     0.221955      1.33101                    0.554202
     0.225049      1.30621                    0.550123
     0.228186      1.28188                    0.546063
     0.231367      1.25799                    0.542024
     0.234592      1.23455                    0.538005
     0.237862      1.21155                    0.534005
     0.241177      1.18898                    0.530025
     0.244539      1.16682                    0.526065
     0.247948      1.14508                    0.522125
     0.251404      1.12375                    0.518204
     0.254909      1.10281                    0.514303
     0.258462      1.08226                    0.510421
     0.262065      1.06210                    0.506558
     0.265718      1.04231                    0.502714
     0.269422      1.02289                    0.498890
     0.273178      1.00383                    0.495084
     0.276985     0.985125                    0.491297
     0.280847     0.966770                    0.487529
     0.284761     0.948757                    0.483779
     0.288731     0.931080                    0.480048
     0.292755     0.913731                    0.476336
     0.296836     0.896707                    0.472642
     0.300974     0.879999                    0.468966
     0.305170     0.863603                    0.465308
     0.309423     0.847512                    0.461669
     0.313737     0.831721                    0.458048
     0.318110     0.816224                    0.454444
     0.322544     0.801016                    0.450858
     0.327040     0.786091                    0.447291
     0.331599     0.771444                    0.443740
     0.336221     0.757071                    0.440208
     0.340908     0.742965                    0.436693
     0.345660     0.729122                    0.433195
     0.350479     0.715537                    0.429714
     0.355364     0.702205                    0.426251
     0.360318     0.689121                    0.422805
     0.365340     0.676281                    0.419376
     0.370433     0.663680                    0.415964
     0.375596     0.651315                    0.412569
     0.380832     0.639179                    0.409191
     0.386141     0.627270                    0.405829
     0.391523     0.615582                    0.402484
     0.396981     0.604113                    0.399156
     0.402515     0.592857                    0.395844
     0.408125     0.581811                    0.392549
     0.413814     0.570970                    0.389270
     0.419583     0.560332                    0.386007
     0.425432     0.549891                    0.382760
     0.431362     0.539646                    0.379530
     0.437375     0.529591                    0.376315
     0.443472     0.519724                    0.373116
     0.449653     0.510040                    0.369933
     0.455921     0.500537                    0.366766
     0.462277     0.491211                    0.363615
     0.468720     0.482058                    0.360479
     0.475254     0.473076                    0.357359
     0.481879     0.464262                    0.354254
     0.488596     0.455612                    0.351164
     0.495407     0.447123                    0.348090
     0.502313     0.438792                    0.345031
     0.509314     0.430616                    0.341988
     0.516414     0.422593                    0.338959
     0.523613     0.414719                    0.335945
     0.530912     0.406992                    0.332946
     0.538312     0.399409                    0.329962
     0.545816     0.391967                    0.326993
     0.553424     0.384664                    0.324039
     0.561139     0.377496                    0.321099
     0.568961     0.370463                    0.318174
     0.576892     0.363560                    0.315263
     0.584933     0.356786                    0.312367
     0.593087     0.350139                    0.309485
     0.601354     0.343615                    0.306617
     0.609737     0.337212                    0.303763
     0.618236     0.330929                    0.300924
     0.626854     0.324764                    0.298099
     0.635592     0.318712                    0.295287
     0.644452     0.312774                    0.292490
     0.653435     0.306946                    0.289706
     0.662544     0.301227                    0.286936
     0.671779     0.295615                    0.284180
     0.681143     0.290107                    0.281438
     0.690638     0.284701                    0.278709
     0.700265     0.279397                    0.275994
     0.710027     0.274191                    0.273292
     0.719924     0.269082                    0.270603
     0.729959     0.264069                    0.267928
     0.740135     0.259149                    0.265266
     0.750452     0.254320                    0.262617
     0.760913     0.249581                    0.259982
     0.771519     0.244931                    0.257359
     0.782274     0.240368                    0.254750
     0.793178     0.235889                    0.252153
     0.804235     0.231494                    0.249569
     0.815445     0.227181                    0.246998
     0.826812     0.222948                    0.244440
     0.838338     0.218794                    0.241894
     0.850024     0.214717                    0.239361
     0.861872     0.210716                    0.236841
     0.873886     0.206790                    0.234333
     0.886068     0.202937                    0.231837
     0.898419     0.199156                    0.229354
     0.910943     0.195445                    0.226883
     0.923641     0.191804                    0.224425
     0.936516     0.188230                    0.221978
     0.949570     0.184723                    0.219544
     0.962807     0.181281                    0.217122
     0.976228     0.177904                    0.214711
     0.989836     0.174589                    0.212313
      1.00363     0.171336                    0.209926
      1.01762     0.168143                    0.207552
      1.03181     0.165011                    0.205189
      1.04619     0.161936                    0.202838
      1.06078     0.158919                    0.200498
      1.07556     0.155958                    0.198170
      1.09055     0.153052                    0.195854
      1.10576     0.150200                    0.193549
      1.12117     0.147402                    0.191255
      1.13680     0.144655                    0.188973
      1.15264     0.141960                    0.186702
      1.16871     0.139315                    0.184442
      1.18500     0.136719                    0.182194
      1.20152     0.134172                    0.179956
      1.21827     0.131672                    0.177730
      1.23525     0.129219                    0.175515
      1.25247     0.126811                    0.173311
      1.26993     0.124448                    0.171117
      1.28763     0.122129                    0.168935
      1.30558     0.119854                    0.166763
      1.32378     0.117621                    0.164602
      1.34223     0.115429                    0.162452
      1.36094     0.113279                    0.160313
      1.37991     0.111168                    0.158184
      1.39915     0.109097                    0.156065
      1.41865     0.107064                    0.153957
      1.43843     0.105069                    0.151860
      1.45848     0.103111                    0.149773
      1.47881     0.101190                    0.147696
      1.49942    0.0993048                    0.145629
      1.52032    0.0974545                    0.143573
      1.54152    0.0956387                    0.141527
      1.56300    0.0938568                    0.139491
      1.58479    0.0921080                    0.137465
      1.60688    0.0903918                    0.135449
      1.62928    0.0887076                    0.133444
      1.65199    0.0870548                    0.131448
      1.67502    0.0854328                    0.129462
      1.69837    0.0838410                    0.127486
      1.72204    0.0822788                    0.125519
      1.74605    0.0807458                    0.123563
      1.77039    0.0792413                    0.121616
      1.79507    0.0777649                    0.119678
      1.82009    0.0763160                    0.117751
      1.84546    0.0748940                    0.115832
      1.87118    0.0734986                    0.113924
      1.89727    0.0721291                    0.112024
      1.92371    0.0707852                    0.110135
      1.95053    0.0694663                    0.108254
      1.97772    0.0681720                    0.106383
      2.00529    0.0669018                    0.104521
      2.03324    0.0656553                    0.102668
      2.06158    0.0644320                    0.100825
      2.09032    0.0632315                   0.0989906
      2.11946    0.0620533                   0.0971654
      2.14900    0.0608971                   0.0953491
      2.17896    0.0597625                   0.0935419
      2.20933    0.0586490                   0.0917436
      2.24013    0.0575562                   0.0899542
      2.27135    0.0564838                   0.0881737
      2.30301    0.0554314                   0.0864020
      2.33512    0.0543986                   0.0846391
      2.36767    0.0533850                   0.0828849
      2.40067    0.0523903                   0.0811394
      2.43414    0.0514142                   0.0794025
      2.46807    0.0504562                   0.0776743
      2.50247    0.0495161                   0.0759546
      2.53735    0.0485935                   0.0742434
      2.57272    0.0476881                   0.0725407
      2.60858    0.0467996                   0.0708464
      2.64495    0.0459276                   0.0691605
      2.68182    0.0450719                   0.0674830
      2.71920    0.0442321                   0.0658138
      2.75710    0.0434079                   0.0641528
      2.79554    0.0425992                   0.0625001
      2.83450    0.0418054                   0.0608555
      2.87402    0.0410265                   0.0592191
      2.91408    0.0402621                   0.0575908
      2.95470    0.0395119                   0.0559706
      2.99588    0.0387757                   0.0543584
      3.03765    0.0380532                   0.0527542
      3.07999    0.0373442                   0.0511579
      3.12292    0.0366484                   0.0495695
      3.16645    0.0359656                   0.0479890
      3.21059    0.0352955                   0.0464163
      3.25535    0.0346378                   0.0448514
      3.30072    0.0339925                   0.0432943
      3.34673    0.0333591                   0.0417448
      3.39339    0.0327375                   0.0402031
      3.44069    0.0321276                   0.0386689
      3.48865    0.0315290                   0.0371424
      3.53728    0.0309415                   0.0356234
      3.58659    0.0303650                   0.0341120
      3.63658    0.0297992                   0.0326080
      3.68727    0.0292440                   0.0311115
      3.73867    0.0286991                   0.0296224
      3.79079    0.0281644                   0.0281407
      3.84363    0.0276396                   0.0266663
      3.89721    0.0271246                   0.0251992
      3.95153    0.0266192                   0.0237394
      4.00662    0.0261233                   0.0222868
      4.06247    0.0256365                   0.0208414
      4.11909    0.0251589                   0.0194032
      4.17651    0.0246901                   0.0179721
      4.23473    0.0242301                   0.0165481
      4.29376    0.0237786                   0.0151311
      4.35361    0.0233356                   0.0137212
      4.41430    0.0229008                   0.0123182
      4.47583    0.0224741                   0.0109221
      4.53822    0.0220553                  0.00953304
      4.60148    0.0216444                  0.00815081
      4.66563    0.0212411                  0.00677543
      4.73066    0.0208453                  0.00540685
      4.79661    0.0204570                  0.00404505
      4.86347    0.0200758                  0.00269000
      4.93126    0.0197017                  0.00134167
      5.00000    0.0193346                     0.00000
