   0.00500000      152.593                     2.54337
   0.00506970      150.522                     2.53280
   0.00514037      148.478                     2.52224
   0.00521202      146.462                     2.51167
   0.00528467      144.471                     2.50110
   0.00535834      142.507                     2.49053
   0.00543303      140.569                     2.47996
   0.00550876      138.657                     2.46939
   0.00558555      136.769                     2.45881
   0.00566341      134.907                     2.44824
   0.00574236      133.069                     2.43766
   0.00582240      131.255                     2.42708
   0.00590356      129.465                     2.41650
   0.00598586      127.699                     2.40592
   0.00606930      125.956                     2.39533
   0.00615390      124.236                     2.38475
   0.00623968      122.539                     2.37417
   0.00632666      120.864                     2.36358
   0.00641485      119.211                     2.35300
   0.00650427      117.580                     2.34241
   0.00659493      115.970                     2.33182
   0.00668686      114.382                     2.32123
   0.00678008      112.814                     2.31064
   0.00687459      111.268                     2.30006
   0.00697041      109.741                     2.28947
   0.00706758      108.235                     2.27888
   0.00716610      106.748                     2.26829
   0.00726599      105.282                     2.25770
   0.00736727      103.834                     2.24711
   0.00746997      102.406                     2.23652
   0.00757409      100.996                     2.22593
   0.00767967      99.6048                     2.21534
   0.00778672      98.2321                     2.20475
   0.00789527      96.8775                     2.19416
   0.00800532      95.5408                     2.18357
   0.00811691      94.2216                     2.17298
   0.00823006      92.9199                     2.16240
   0.00834478      91.6353                     2.15181
   0.00846110      90.3677                     2.14122
   0.00857905      89.1167                     2.13064
   0.00869863      87.8823                     2.12006
   0.00881989      86.6641                     2.10947
   0.00894283      85.4620                     2.09889
   0.00906749      84.2758                     2.08831
   0.00919389      83.1052                     2.07774
   0.00932204      81.9500                     2.06716
   0.00945199      80.8101                     2.05658
   0.00958374      79.6852                     2.04601
   0.00971733      78.5751                     2.03544
   0.00985279      77.4797                     2.02487
   0.00999013      76.3988                     2.01430
    0.0101294      75.3321                     2.00374
    0.0102706      74.2794                     1.99318
    0.0104138      73.2407                     1.98262
    0.0105589      72.2157                     1.97206
    0.0107061      71.2041                     1.96150
    0.0108553      70.2060                     1.95095
    0.0110067      69.2210                     1.94040
    0.0111601      68.2490                     1.92986
    0.0113156      67.2898                     1.91931
    0.0114734      66.3434                     1.90878
    0.0116333      65.4094                     1.89824
    0.0117955      64.4877                     1.88771
    0.0119599      63.5782                     1.87718
    0.0121266      62.6807                     1.86665
    0.0122957      61.7950                     1.85613
    0.0124670      60.9211                     1.84562
    0.0126408      60.0587                     1.83510
    0.0128170      59.2077                     1.82460
    0.0129957      58.3679                     1.81409
    0.0131769      57.5393                     1.80360
    0.0133605      56.7215                     1.79310
    0.0135468      55.9146                     1.78261
    0.0137356      55.1184                     1.77213
    0.0139271      54.3326                     1.76165
    0.0141212      53.5573                     1.75118
    0.0143180      52.7922                     1.74071
    0.0145176      52.0373                     1.73025
    0.0147200      51.2923                     1.71980
    0.0149252      50.5571                     1.70935
    0.0151332      49.8317                     1.69890
    0.0153442      49.1159                     1.68847
    0.0155581      48.4096                     1.67804
    0.0157750      47.7126                     1.66761
    0.0159948      47.0248                     1.65720
    0.0162178      46.3462                     1.64679
    0.0164439      45.6765                     1.63639
    0.0166731      45.0157                     1.62599
    0.0169055      44.3637                     1.61561
    0.0171412      43.7202                     1.60523
    0.0173801      43.0854                     1.59486
    0.0176224      42.4589                     1.58450
    0.0178680      41.8407                     1.57414
    0.0181171      41.2308                     1.56380
    0.0183696      40.6289                     1.55346
    0.0186257      40.0350                     1.54313
    0.0188853      39.4490                     1.53281
    0.0191486      38.8707                     1.52250
    0.0194155      38.3002                     1.51221
    0.0196861      37.7372                     1.50192
    0.0199605      37.1817                     1.49164
    0.0202388      36.6336                     1.48137
    0.0205209      36.0927                     1.47111
    0.0208070      35.5591                     1.46086
    0.0210970      35.0325                     1.45062
    0.0213911      34.5129                     1.44040
    0.0216893      34.0003                     1.43018
    0.0219916      33.4945                     1.41998
    0.0222981      32.9954                     1.40979
    0.0226090      32.5029                     1.39961
    0.0229241      32.0171                     1.38944
    0.0232437      31.5376                     1.37929
    0.0235677      31.0646                     1.36915
    0.0238962      30.5979                     1.35902
    0.0242293      30.1374                     1.34890
    0.0245670      29.6831                     1.33880
    0.0249095      29.2348                     1.32871
    0.0252567      28.7926                     1.31864
    0.0256088      28.3562                     1.30858
    0.0259658      27.9256                     1.29853
    0.0263277      27.5009                     1.28850
    0.0266947      27.0818                     1.27849
    0.0270668      26.6683                     1.26849
    0.0274441      26.2603                     1.25850
    0.0278267      25.8578                     1.24853
    0.0282145      25.4608                     1.23858
    0.0286078      25.0690                     1.22864
    0.0290066      24.6825                     1.21872
    0.0294110      24.3012                     1.20882
    0.0298209      23.9250                     1.19893
    0.0302366      23.5539                     1.18906
    0.0306581      23.1877                     1.17921
    0.0310855      22.8265                     1.16938
    0.0315188      22.4702                     1.15957
    0.0319581      22.1186                     1.14977
    0.0324036      21.7718                     1.14000
    0.0328553      21.4297                     1.13024
    0.0333133      21.0922                     1.12050
    0.0337776      20.7593                     1.11079
    0.0342485      20.4308                     1.10109
    0.0347259      20.1068                     1.09141
    0.0352100      19.7872                     1.08176
    0.0357008      19.4720                     1.07212
    0.0361984      19.1610                     1.06251
    0.0367030      18.8542                     1.05292
    0.0372146      18.5516                     1.04335
    0.0377334      18.2531                     1.03380
    0.0382593      17.9587                     1.02428
    0.0387927      17.6683                     1.01478
    0.0393334      17.3818                     1.00530
    0.0398817      17.0993                    0.995851
    0.0404376      16.8206                    0.986423
    0.0410013      16.5457                    0.977019
    0.0415728      16.2746                    0.967640
    0.0421523      16.0072                    0.958286
    0.0427399      15.7435                    0.948958
    0.0433357      15.4834                    0.939656
    0.0439398      15.2269                    0.930380
    0.0445523      14.9739                    0.921131
    0.0451733      14.7244                    0.911909
    0.0458030      14.4784                    0.902715
    0.0464415      14.2357                    0.893548
    0.0470888      13.9964                    0.884410
    0.0477452      13.7605                    0.875300
    0.0484108      13.5278                    0.866219
    0.0490856      13.2983                    0.857168
    0.0497698      13.0720                    0.848147
    0.0504636      12.8489                    0.839155
    0.0511670      12.6289                    0.830194
    0.0518803      12.4119                    0.821264
    0.0526034      12.1980                    0.812365
    0.0533367      11.9871                    0.803498
    0.0540802      11.7792                    0.794663
    0.0548340      11.5742                    0.785861
    0.0555984      11.3720                    0.777091
    0.0563734      11.1728                    0.768355
    0.0571592      10.9763                    0.759652
    0.0579560      10.7826                    0.750984
    0.0587639      10.5917                    0.742350
    0.0595830      10.4035                    0.733751
    0.0604135      10.2179                    0.725188
    0.0612557      10.0351                    0.716660
    0.0621096      9.85478                    0.708168
    0.0629753      9.67710                    0.699713
    0.0638532      9.50196                    0.691295
    0.0647432      9.32934                    0.682914
    0.0656457      9.15921                    0.674572
    0.0665608      8.99154                    0.666267
    0.0674886      8.82630                    0.658001
    0.0684294      8.66346                    0.649774
    0.0693832      8.50299                    0.641587
    0.0703504      8.34485                    0.633440
    0.0713310      8.18904                    0.625333
    0.0723254      8.03550                    0.617267
    0.0733335      7.88422                    0.609242
    0.0743558      7.73517                    0.601258
    0.0753923      7.58833                    0.593317
    0.0764432      7.44366                    0.585418
    0.0775088      7.30114                    0.577563
    0.0785892      7.16074                    0.569750
    0.0796847      7.02244                    0.561981
    0.0807954      6.88621                    0.554257
    0.0819217      6.75203                    0.546577
    0.0830636      6.61988                    0.538942
    0.0842215      6.48972                    0.531352
    0.0853955      6.36153                    0.523808
    0.0865859      6.23530                    0.516311
    0.0877928      6.11100                    0.508860
    0.0890166      5.98860                    0.501457
    0.0902574      5.86808                    0.494100
    0.0915156      5.74942                    0.486792
    0.0927913      5.63260                    0.479532
    0.0940847      5.51760                    0.472321
    0.0953962      5.40438                    0.465159
    0.0967260      5.29294                    0.458047
    0.0980743      5.18326                    0.450984
    0.0994414      5.07530                    0.443972
     0.100828      4.96905                    0.437010
     0.102233      4.86449                    0.430100
     0.103658      4.76160                    0.423241
     0.105103      4.66036                    0.416434
     0.106568      4.56075                    0.409679
     0.108054      4.46275                    0.402977
     0.109560      4.36634                    0.396328
     0.111087      4.27150                    0.389732
     0.112636      4.17822                    0.383190
     0.114206      4.08647                    0.376701
     0.115798      3.99624                    0.370268
     0.117412      3.90750                    0.363889
     0.119048      3.82025                    0.357565
     0.120708      3.73446                    0.351297
     0.122390      3.65012                    0.345084
     0.124097      3.56721                    0.338927
     0.125826      3.48571                    0.332827
     0.127580      3.40560                    0.326784
     0.129359      3.32687                    0.320797
     0.131162      3.24950                    0.314868
     0.132990      3.17348                    0.308996
     0.134844      3.09879                    0.303182
     0.136724      3.02541                    0.297427
     0.138630      2.95332                    0.291729
     0.140562      2.88252                    0.286091
     0.142521      2.81299                    0.280511
     0.144508      2.74470                    0.274990
     0.146522      2.67765                    0.269529
     0.148565      2.61182                    0.264127
     0.150636      2.54720                    0.258785
     0.152735      2.48377                    0.253503
     0.154865      2.42151                    0.248282
     0.157023      2.36042                    0.243120
     0.159212      2.30047                    0.238019
     0.161431      2.24166                    0.232979
     0.163682      2.18397                    0.228000
     0.165963      2.12738                    0.223081
     0.168277      2.07188                    0.218224
     0.170622      2.01746                    0.213428
     0.173001      1.96410                    0.208693
     0.175412      1.91179                    0.204019
     0.177858      1.86053                    0.199407
     0.180337      1.81028                    0.194857
     0.182851      1.76105                    0.190368
     0.185399      1.71281                    0.185941
     0.187984      1.66555                    0.181576
     0.190604      1.61927                    0.177272
     0.193261      1.57395                    0.173030
     0.195955      1.52957                    0.168849
     0.198687      1.48613                    0.164731
     0.201456      1.44361                    0.160674
     0.204264      1.40200                    0.156678
     0.207112      1.36128                    0.152744
     0.209999      1.32145                    0.148872
     0.212926      1.28249                    0.145060
     0.215894      1.24438                    0.141310
     0.218903      1.20713                    0.137622
     0.221955      1.17071                    0.133994
     0.225049      1.13512                    0.130427
     0.228186      1.10034                    0.126920
     0.231367      1.06635                    0.123474
     0.234592      1.03316                    0.120089
     0.237862      1.00075                    0.116763
     0.241177     0.969096                    0.113498
     0.244539     0.938200                    0.110291
     0.247948     0.908047                    0.107145
     0.251404     0.878625                    0.104057
     0.254909     0.849923                    0.101028
     0.258462     0.821931                   0.0980581
     0.262065     0.794636                   0.0951460
     0.265718     0.768029                   0.0922918
     0.269422     0.742097                   0.0894950
     0.273178     0.716830                   0.0867555
     0.276985     0.692217                   0.0840727
     0.280847     0.668248                   0.0814463
     0.284761     0.644910                   0.0788759
     0.288731     0.622195                   0.0763611
     0.292755     0.600091                   0.0739014
     0.296836     0.578587                   0.0714964
     0.300974     0.557673                   0.0691456
     0.305170     0.537339                   0.0668486
     0.309423     0.517574                   0.0646049
     0.313737     0.498367                   0.0624139
     0.318110     0.479710                   0.0602752
     0.322544     0.461590                   0.0581882
     0.327040     0.443999                   0.0561524
     0.331599     0.426926                   0.0541672
     0.336221     0.410361                   0.0522321
     0.340908     0.394294                   0.0503465
     0.345660     0.378715                   0.0485098
     0.350479     0.363615                   0.0467214
     0.355364     0.348983                   0.0449807
     0.360318     0.334811                   0.0432871
     0.365340     0.321088                   0.0416399
     0.370433     0.307804                   0.0400386
     0.375596     0.294951                   0.0384824
     0.380832     0.282519                   0.0369706
     0.386141     0.270498                   0.0355028
     0.391523     0.258880                   0.0340781
     0.396981     0.247656                   0.0326958
     0.402515     0.236815                   0.0313554
     0.408125     0.226349                   0.0300560
     0.413814     0.216250                   0.0287970
     0.419583     0.206508                   0.0275777
     0.425432     0.197115                   0.0263974
     0.431362     0.188062                   0.0252553
     0.437375     0.179340                   0.0241507
     0.443472     0.170941                   0.0230829
     0.449653     0.162856                   0.0220512
     0.455921     0.155078                   0.0210548
     0.462277     0.147598                   0.0200930
     0.468720     0.140408                   0.0191650
     0.475254     0.133500                   0.0182702
     0.481879     0.126866                   0.0174078
     0.488596     0.120499                   0.0165770
     0.495407     0.114390                   0.0157771
     0.502313     0.108532                   0.0150074
     0.509314     0.102917                   0.0142671
     0.516414    0.0975393                   0.0135555
     0.523613    0.0923901                   0.0128719
     0.530912    0.0874629                   0.0122155
     0.538312    0.0827505                   0.0115857
     0.545816    0.0782460                   0.0109817
     0.553424    0.0739427                   0.0104027
     0.561139    0.0698339                  0.00984814
     0.568961    0.0659131                  0.00931723
     0.576892    0.0621739                  0.00880930
     0.584933    0.0586098                  0.00832366
     0.593087    0.0552149                  0.00785961
     0.601354    0.0519829                  0.00741649
     0.609737    0.0489081                  0.00699363
     0.618236    0.0459845                  0.00659037
     0.626854    0.0432066                  0.00620605
     0.635592    0.0405687                  0.00584004
     0.644452    0.0380655                  0.00549170
     0.653435    0.0356916                  0.00516040
     0.662544    0.0334420                  0.00484555
     0.671779    0.0313115                  0.00454653
     0.681143    0.0292952                  0.00426277
     0.690638    0.0273885                  0.00399367
     0.700265    0.0255865                  0.00373867
     0.710027    0.0238849                  0.00349722
     0.719924    0.0222792                  0.00326877
     0.729959    0.0207651                  0.00305278
     0.740135    0.0193385                  0.00284875
     0.750452    0.0179954                  0.00265616
     0.760913    0.0167319                  0.00247452
     0.771519    0.0155442                  0.00230335
     0.782274    0.0144286                  0.00214218
     0.793178    0.0133817                  0.00199055
     0.804235    0.0124000                  0.00184802
     0.815445    0.0114803                  0.00171417
     0.826812    0.0106193                  0.00158857
     0.838338   0.00981408                  0.00147081
     0.850024   0.00906160                  0.00136052
     0.861872   0.00835906                  0.00125732
     0.873886   0.00770374                  0.00116083
     0.886068   0.00709304                  0.00107070
     0.898419   0.00652444                 0.000986606
     0.910943   0.00599554                 0.000908210
     0.923641   0.00550405                 0.000835198
     0.936516   0.00504776                 0.000767271
     0.949570   0.00462457                 0.000704137
     0.962807   0.00423248                 0.000645519
     0.976228   0.00386956                 0.000591150
     0.989836   0.00353400                 0.000540776
      1.00363   0.00322405                 0.000494153
      1.01762   0.00293807                 0.000451049
      1.03181   0.00267449                 0.000411242
      1.04619   0.00243182                 0.000374520
      1.06078   0.00220864                 0.000340683
      1.07556   0.00200363                 0.000309540
      1.09055   0.00181551                 0.000280911
      1.10576   0.00164310                 0.000254622
      1.12117   0.00148528                 0.000230512
      1.13680   0.00134097                 0.000208427
      1.15264   0.00120918                 0.000188222
      1.16871   0.00108897                 0.000169760
      1.18500  0.000979469                 0.000152911
      1.20152  0.000879838                 0.000137555
      1.21827  0.000789306                 0.000123577
      1.23525  0.000707150                 0.000110870
      1.25247  0.000632692                 9.93351e-05
      1.26993  0.000565301                 8.88774e-05
      1.28763  0.000504389                 7.94095e-05
      1.30558  0.000449409                 7.08497e-05
      1.32378  0.000399852                 6.31218e-05
      1.34223  0.000355247                 5.61549e-05
      1.36094  0.000315156                 4.98833e-05
      1.37991  0.000279175                 4.42459e-05
      1.39915  0.000246929                 3.91860e-05
      1.41865  0.000218075                 3.46514e-05
      1.43843  0.000192295                 3.05938e-05
      1.45848  0.000169297                 2.69687e-05
      1.47881  0.000148813                 2.37351e-05
      1.49942  0.000130596                 2.08552e-05
      1.52032  0.000114422                 1.82946e-05
      1.54152  0.000100085                 1.60217e-05
      1.56300  8.73973e-05                 1.40074e-05
      1.58479  7.61881e-05                 1.22253e-05
      1.60688  6.63018e-05                 1.06514e-05
      1.62928  5.75974e-05                 9.26383e-06
      1.65199  4.99469e-05                 8.04260e-06
      1.67502  4.32346e-05                 6.96971e-06
      1.69837  3.73561e-05                 6.02886e-06
      1.72204  3.22171e-05                 5.20531e-06
      1.74605  2.77330e-05                 4.48578e-06
      1.77039  2.38276e-05                 3.85831e-06
      1.79507  2.04326e-05                 3.31218e-06
      1.82009  1.74871e-05                 2.83777e-06
      1.84546  1.49365e-05                 2.42645e-06
      1.87118  1.27323e-05                 2.07057e-06
      1.89727  1.08313e-05                 1.76326e-06
      1.92371  9.19501e-06                 1.49845e-06
      1.95053  7.78958e-06                 1.27072e-06
      1.97772  6.58494e-06                 1.07530e-06
      2.00529  5.55460e-06                 9.07969e-07
      2.03324  4.67525e-06                 7.64994e-07
      2.06158  3.92639e-06                 6.43099e-07
      2.09032  3.29007e-06                 5.39408e-07
      2.11946  2.75060e-06                 4.51402e-07
      2.14900  2.29427e-06                 3.76879e-07
      2.17896  1.90917e-06                 3.13920e-07
      2.20933  1.58494e-06                 2.60855e-07
      2.24013  1.31261e-06                 2.16238e-07
      2.27135  1.08442e-06                 1.78813e-07
      2.30301  8.93678e-07                 1.47498e-07
      2.33512  7.34641e-07                 1.21361e-07
      2.36767  6.02370e-07                 9.96014e-08
      2.40067  4.92640e-07                 8.15316e-08
      2.43414  4.01846e-07                 6.65650e-08
      2.46807  3.26916e-07                 5.42013e-08
      2.50247  2.65243e-07                 4.40152e-08
      2.53735  2.14618e-07                 3.56457e-08
      2.57272  1.73176e-07                 2.87877e-08
      2.60858  1.39344e-07                 2.31838e-08
      2.64495  1.11804e-07                 1.86177e-08
      2.68182  8.94478e-08                 1.49077e-08
      2.71920  7.13532e-08                 1.19021e-08
      2.75710  5.67504e-08                 9.47424e-09
      2.79554  4.50007e-08                 7.51896e-09
      2.83450  3.55750e-08                 5.94901e-09
      2.87402  2.80368e-08                 4.69232e-09
      2.91408  2.20267e-08                 3.68949e-09
      2.95470  1.72501e-08                 2.89176e-09
      2.99588  1.34659e-08                 2.25922e-09
      3.03765  1.04775e-08                 1.75927e-09
      3.07999  8.12535e-09                 1.36542e-09
      3.12292  6.28012e-09                 1.05618e-09
      3.16645  4.83743e-09                 8.14195e-10
      3.21059  3.71331e-09                 6.25486e-10
      3.25535  2.84045e-09                 4.78833e-10
      3.30072  2.16507e-09                 3.65262e-10
      3.34673  1.64434e-09                 2.77626e-10
      3.39339  1.24431e-09                 2.10246e-10
      3.44069  9.38117e-10                 1.58630e-10
      3.48865  7.04622e-10                 1.19236e-10
      3.53728  5.27233e-10                 8.92831e-11
      3.58659  3.92983e-10                 6.65963e-11
      3.63658  2.91774e-10                 4.94790e-11
      3.68727  2.15772e-10                 3.66147e-11
      3.73867  1.58928e-10                 2.69852e-11
      3.79079  1.16582e-10                 1.98061e-11
      3.84363  8.51667e-11                 1.44758e-11
      3.89721  6.19564e-11                 1.05345e-11
      3.95153  4.48805e-11                 7.63251e-12
      4.00662  3.23710e-11                 5.50493e-12
      4.06247  2.32465e-11                 3.95180e-12
      4.11909  1.66202e-11                 2.82300e-12
      4.17651  1.18294e-11                 2.00625e-12
      4.23473  8.38128e-12                 1.41793e-12
      4.29376  5.91089e-12                 9.96100e-13
      4.35361  4.14918e-12                 6.95040e-13
      4.41430  2.89874e-12                 4.81182e-13
      4.47583  2.01542e-12                 3.29990e-13
      4.53822  1.39444e-12                 2.23618e-13
      4.60148  9.60036e-13                 1.49146e-13
      4.66563  6.57649e-13                 9.72652e-14
      4.73066  4.48221e-13                 6.13041e-14
      4.79661  3.03912e-13                 3.65052e-14
      4.86347  2.04990e-13                 1.94922e-14
      4.93126  1.37535e-13                 7.88158e-15
      5.00000  9.17826e-14                     0.00000
