   0.00500000      190.148                     4.85474
   0.00506970      188.107                     4.84156
   0.00514037      186.087                     4.82833
   0.00521202      184.088                     4.81507
   0.00528467      182.109                     4.80177
   0.00535834      180.150                     4.78843
   0.00543303      178.212                     4.77504
   0.00550876      176.293                     4.76162
   0.00558555      174.394                     4.74815
   0.00566341      172.515                     4.73465
   0.00574236      170.655                     4.72110
   0.00582240      168.814                     4.70752
   0.00590356      166.991                     4.69389
   0.00598586      165.188                     4.68022
   0.00606930      163.403                     4.66651
   0.00615390      161.636                     4.65276
   0.00623968      159.887                     4.63897
   0.00632666      158.157                     4.62514
   0.00641485      156.444                     4.61127
   0.00650427      154.748                     4.59736
   0.00659493      153.070                     4.58340
   0.00668686      151.409                     4.56941
   0.00678008      149.765                     4.55537
   0.00687459      148.138                     4.54129
   0.00697041      146.528                     4.52717
   0.00706758      144.934                     4.51301
   0.00716610      143.356                     4.49881
   0.00726599      141.795                     4.48457
   0.00736727      140.249                     4.47029
   0.00746997      138.719                     4.45596
   0.00757409      137.205                     4.44160
   0.00767967      135.707                     4.42719
   0.00778672      134.223                     4.41274
   0.00789527      132.755                     4.39825
   0.00800532      131.302                     4.38372
   0.00811691      129.864                     4.36915
   0.00823006      128.440                     4.35454
   0.00834478      127.031                     4.33988
   0.00846110      125.637                     4.32519
   0.00857905      124.256                     4.31045
   0.00869863      122.890                     4.29567
   0.00881989      121.537                     4.28085
   0.00894283      120.199                     4.26599
   0.00906749      118.874                     4.25109
   0.00919389      117.563                     4.23615
   0.00932204      116.265                     4.22117
   0.00945199      114.980                     4.20614
   0.00958374      113.708                     4.19108
   0.00971733      112.449                     4.17597
   0.00985279      111.203                     4.16082
   0.00999013      109.970                     4.14563
    0.0101294      108.750                     4.13040
    0.0102706      107.542                     4.11513
    0.0104138      106.346                     4.09982
    0.0105589      105.162                     4.08447
    0.0107061      103.990                     4.06908
    0.0108553      102.831                     4.05365
    0.0110067      101.683                     4.03818
    0.0111601      100.547                     4.02266
    0.0113156      99.4221                     4.00711
    0.0114734      98.3089                     3.99151
    0.0116333      97.2071                     3.97588
    0.0117955      96.1165                     3.96021
    0.0119599      95.0369                     3.94449
    0.0121266      93.9684                     3.92874
    0.0122957      92.9107                     3.91294
    0.0124670      91.8637                     3.89711
    0.0126408      90.8275                     3.88123
    0.0128170      89.8017                     3.86532
    0.0129957      88.7864                     3.84936
    0.0131769      87.7814                     3.83337
    0.0133605      86.7866                     3.81734
    0.0135468      85.8019                     3.80127
    0.0137356      84.8272                     3.78516
    0.0139271      83.8624                     3.76901
    0.0141212      82.9074                     3.75282
    0.0143180      81.9621                     3.73659
    0.0145176      81.0264                     3.72033
    0.0147200      80.1002                     3.70402
    0.0149252      79.1834                     3.68768
    0.0151332      78.2760                     3.67130
    0.0153442      77.3777                     3.65489
    0.0155581      76.4885                     3.63843
    0.0157750      75.6084                     3.62194
    0.0159948      74.7371                     3.60541
    0.0162178      73.8747                     3.58884
    0.0164439      73.0211                     3.57224
    0.0166731      72.1761                     3.55559
    0.0169055      71.3397                     3.53892
    0.0171412      70.5118                     3.52220
    0.0173801      69.6922                     3.50545
    0.0176224      68.8810                     3.48867
    0.0178680      68.0780                     3.47185
    0.0181171      67.2831                     3.45499
    0.0183696      66.4963                     3.43810
    0.0186257      65.7174                     3.42117
    0.0188853      64.9465                     3.40421
    0.0191486      64.1833                     3.38721
    0.0194155      63.4279                     3.37018
    0.0196861      62.6801                     3.35311
    0.0199605      61.9399                     3.33601
    0.0202388      61.2072                     3.31888
    0.0205209      60.4820                     3.30172
    0.0208070      59.7640                     3.28452
    0.0210970      59.0534                     3.26729
    0.0213911      58.3499                     3.25002
    0.0216893      57.6536                     3.23273
    0.0219916      56.9643                     3.21540
    0.0222981      56.2820                     3.19805
    0.0226090      55.6066                     3.18066
    0.0229241      54.9381                     3.16324
    0.0232437      54.2763                     3.14579
    0.0235677      53.6212                     3.12831
    0.0238962      52.9728                     3.11080
    0.0242293      52.3309                     3.09326
    0.0245670      51.6955                     3.07569
    0.0249095      51.0666                     3.05810
    0.0252567      50.4440                     3.04047
    0.0256088      49.8278                     3.02282
    0.0259658      49.2178                     3.00515
    0.0263277      48.6140                     2.98744
    0.0266947      48.0163                     2.96971
    0.0270668      47.4246                     2.95195
    0.0274441      46.8390                     2.93417
    0.0278267      46.2593                     2.91636
    0.0282145      45.6855                     2.89853
    0.0286078      45.1175                     2.88067
    0.0290066      44.5552                     2.86279
    0.0294110      43.9987                     2.84489
    0.0298209      43.4478                     2.82697
    0.0302366      42.9025                     2.80902
    0.0306581      42.3628                     2.79105
    0.0310855      41.8285                     2.77306
    0.0315188      41.2997                     2.75505
    0.0319581      40.7763                     2.73702
    0.0324036      40.2581                     2.71897
    0.0328553      39.7453                     2.70090
    0.0333133      39.2377                     2.68281
    0.0337776      38.7352                     2.66471
    0.0342485      38.2379                     2.64659
    0.0347259      37.7456                     2.62845
    0.0352100      37.2583                     2.61030
    0.0357008      36.7761                     2.59213
    0.0361984      36.2987                     2.57395
    0.0367030      35.8262                     2.55575
    0.0372146      35.3586                     2.53754
    0.0377334      34.8957                     2.51932
    0.0382593      34.4376                     2.50109
    0.0387927      33.9841                     2.48284
    0.0393334      33.5353                     2.46458
    0.0398817      33.0911                     2.44632
    0.0404376      32.6515                     2.42805
    0.0410013      32.2164                     2.40976
    0.0415728      31.7857                     2.39147
    0.0421523      31.3595                     2.37318
    0.0427399      30.9377                     2.35487
    0.0433357      30.5202                     2.33657
    0.0439398      30.1070                     2.31826
    0.0445523      29.6981                     2.29994
    0.0451733      29.2934                     2.28162
    0.0458030      28.8929                     2.26330
    0.0464415      28.4966                     2.24498
    0.0470888      28.1043                     2.22666
    0.0477452      27.7162                     2.20834
    0.0484108      27.3320                     2.19002
    0.0490856      26.9519                     2.17171
    0.0497698      26.5757                     2.15339
    0.0504636      26.2034                     2.13509
    0.0511670      25.8350                     2.11678
    0.0518803      25.4705                     2.09849
    0.0526034      25.1098                     2.08020
    0.0533367      24.7529                     2.06192
    0.0540802      24.3997                     2.04364
    0.0548340      24.0502                     2.02538
    0.0555984      23.7045                     2.00713
    0.0563734      23.3623                     1.98889
    0.0571592      23.0238                     1.97067
    0.0579560      22.6889                     1.95246
    0.0587639      22.3575                     1.93426
    0.0595830      22.0297                     1.91608
    0.0604135      21.7053                     1.89792
    0.0612557      21.3844                     1.87977
    0.0621096      21.0669                     1.86165
    0.0629753      20.7529                     1.84355
    0.0638532      20.4422                     1.82547
    0.0647432      20.1348                     1.80741
    0.0656457      19.8308                     1.78937
    0.0665608      19.5300                     1.77136
    0.0674886      19.2325                     1.75338
    0.0684294      18.9383                     1.73543
    0.0693832      18.6472                     1.71750
    0.0703504      18.3593                     1.69960
    0.0713310      18.0746                     1.68174
    0.0723254      17.7930                     1.66391
    0.0733335      17.5145                     1.64611
    0.0743558      17.2390                     1.62835
    0.0753923      16.9666                     1.61062
    0.0764432      16.6973                     1.59293
    0.0775088      16.4309                     1.57528
    0.0785892      16.1675                     1.55767
    0.0796847      15.9070                     1.54010
    0.0807954      15.6495                     1.52258
    0.0819217      15.3949                     1.50509
    0.0830636      15.1432                     1.48766
    0.0842215      14.8943                     1.47027
    0.0853955      14.6482                     1.45293
    0.0865859      14.4050                     1.43564
    0.0877928      14.1646                     1.41839
    0.0890166      13.9269                     1.40121
    0.0902574      13.6920                     1.38407
    0.0915156      13.4598                     1.36699
    0.0927913      13.2303                     1.34997
    0.0940847      13.0034                     1.33300
    0.0953962      12.7793                     1.31609
    0.0967260      12.5578                     1.29925
    0.0980743      12.3389                     1.28246
    0.0994414      12.1226                     1.26574
     0.100828      11.9090                     1.24909
     0.102233      11.6978                     1.23250
     0.103658      11.4893                     1.21597
     0.105103      11.2832                     1.19952
     0.106568      11.0797                     1.18314
     0.108054      10.8786                     1.16683
     0.109560      10.6801                     1.15060
     0.111087      10.4839                     1.13443
     0.112636      10.2903                     1.11835
     0.114206      10.0990                     1.10234
     0.115798      9.91014                     1.08642
     0.117412      9.72367                     1.07057
     0.119048      9.53957                     1.05481
     0.120708      9.35782                     1.03913
     0.122390      9.17840                     1.02353
     0.124097      9.00130                     1.00802
     0.125826      8.82651                    0.992606
     0.127580      8.65400                    0.977275
     0.129359      8.48376                    0.962037
     0.131162      8.31577                    0.946890
     0.132990      8.15002                    0.931838
     0.134844      7.98650                    0.916881
     0.136724      7.82518                    0.902021
     0.138630      7.66605                    0.887259
     0.140562      7.50910                    0.872596
     0.142521      7.35431                    0.858035
     0.144508      7.20167                    0.843576
     0.146522      7.05116                    0.829221
     0.148565      6.90276                    0.814971
     0.150636      6.75646                    0.800827
     0.152735      6.61226                    0.786791
     0.154865      6.47012                    0.772865
     0.157023      6.33004                    0.759049
     0.159212      6.19200                    0.745345
     0.161431      6.05600                    0.731753
     0.163682      5.92200                    0.718277
     0.165963      5.79001                    0.704915
     0.168277      5.66000                    0.691671
     0.170622      5.53196                    0.678544
     0.173001      5.40589                    0.665537
     0.175412      5.28175                    0.652650
     0.177858      5.15954                    0.639885
     0.180337      5.03925                    0.627242
     0.182851      4.92086                    0.614724
     0.185399      4.80436                    0.602330
     0.187984      4.68973                    0.590062
     0.190604      4.57696                    0.577920
     0.193261      4.46603                    0.565907
     0.195955      4.35694                    0.554023
     0.198687      4.24966                    0.542268
     0.201456      4.14419                    0.530644
     0.204264      4.04050                    0.519152
     0.207112      3.93859                    0.507793
     0.209999      3.83844                    0.496567
     0.212926      3.74004                    0.485475
     0.215894      3.64337                    0.474517
     0.218903      3.54842                    0.463696
     0.221955      3.45518                    0.453010
     0.225049      3.36362                    0.442462
     0.228186      3.27374                    0.432051
     0.231367      3.18552                    0.421778
     0.234592      3.09895                    0.411644
     0.237862      3.01402                    0.401649
     0.241177      2.93070                    0.391794
     0.244539      2.84898                    0.382079
     0.247948      2.76886                    0.372504
     0.251404      2.69030                    0.363070
     0.254909      2.61331                    0.353777
     0.258462      2.53786                    0.344625
     0.262065      2.46395                    0.335614
     0.265718      2.39154                    0.326746
     0.269422      2.32064                    0.318019
     0.273178      2.25122                    0.309434
     0.276985      2.18327                    0.300991
     0.280847      2.11678                    0.292689
     0.284761      2.05172                    0.284530
     0.288731      1.98809                    0.276512
     0.292755      1.92586                    0.268636
     0.296836      1.86503                    0.260901
     0.300974      1.80557                    0.253307
     0.305170      1.74747                    0.245853
     0.309423      1.69072                    0.238541
     0.313737      1.63530                    0.231368
     0.318110      1.58118                    0.224334
     0.322544      1.52836                    0.217440
     0.327040      1.47682                    0.210684
     0.331599      1.42655                    0.204066
     0.336221      1.37752                    0.197586
     0.340908      1.32972                    0.191242
     0.345660      1.28314                    0.185033
     0.350479      1.23775                    0.178960
     0.355364      1.19354                    0.173021
     0.360318      1.15049                    0.167216
     0.365340      1.10859                    0.161542
     0.370433      1.06782                    0.156000
     0.375596      1.02816                    0.150589
     0.380832     0.989590                    0.145307
     0.386141     0.952102                    0.140153
     0.391523     0.915674                    0.135126
     0.396981     0.880289                    0.130226
     0.402515     0.845929                    0.125449
     0.408125     0.812577                    0.120797
     0.413814     0.780217                    0.116266
     0.419583     0.748829                    0.111856
     0.425432     0.718397                    0.107565
     0.431362     0.688904                    0.103392
     0.437375     0.660331                   0.0993357
     0.443472     0.632662                   0.0953942
     0.449653     0.605879                   0.0915660
     0.455921     0.579964                   0.0878496
     0.462277     0.554900                   0.0842434
     0.468720     0.530669                   0.0807458
     0.475254     0.507254                   0.0773550
     0.481879     0.484638                   0.0740695
     0.488596     0.462803                   0.0708874
     0.495407     0.441732                   0.0678072
     0.502313     0.421408                   0.0648269
     0.509314     0.401814                   0.0619448
     0.516414     0.382932                   0.0591591
     0.523613     0.364746                   0.0564680
     0.530912     0.347238                   0.0538697
     0.538312     0.330392                   0.0513622
     0.545816     0.314191                   0.0489438
     0.553424     0.298618                   0.0466126
     0.561139     0.283658                   0.0443666
     0.568961     0.269293                   0.0422040
     0.576892     0.255507                   0.0401229
     0.584933     0.242285                   0.0381214
     0.593087     0.229611                   0.0361976
     0.601354     0.217468                   0.0343495
     0.609737     0.205841                   0.0325753
     0.618236     0.194715                   0.0308731
     0.626854     0.184075                   0.0292409
     0.635592     0.173905                   0.0276769
     0.644452     0.164190                   0.0261792
     0.653435     0.154917                   0.0247458
     0.662544     0.146070                   0.0233751
     0.671779     0.137636                   0.0220650
     0.681143     0.129599                   0.0208138
     0.690638     0.121948                   0.0196196
     0.700265     0.114668                   0.0184806
     0.710027     0.107745                   0.0173951
     0.719924     0.101167                   0.0163612
     0.729959    0.0949215                   0.0153773
     0.740135    0.0889951                   0.0144416
     0.750452    0.0833759                   0.0135524
     0.760913    0.0780519                   0.0127081
     0.771519    0.0730113                   0.0119070
     0.782274    0.0682425                   0.0111474
     0.793178    0.0637345                   0.0104278
     0.804235    0.0594763                  0.00974669
     0.815445    0.0554571                  0.00910245
     0.826812    0.0516666                  0.00849362
     0.838338    0.0480947                  0.00791873
     0.850024    0.0447316                  0.00737635
     0.861872    0.0415676                  0.00686508
     0.873886    0.0385936                  0.00638355
     0.886068    0.0358005                  0.00593044
     0.898419    0.0331796                  0.00550444
     0.910943    0.0307224                  0.00510430
     0.923641    0.0284209                  0.00472880
     0.936516    0.0262671                  0.00437674
     0.949570    0.0242533                  0.00404698
     0.962807    0.0223723                  0.00373840
     0.976228    0.0206170                  0.00344992
     0.989836    0.0189805                  0.00318050
      1.00363    0.0174564                  0.00292912
      1.01762    0.0160382                  0.00269483
      1.03181    0.0147200                  0.00247667
      1.04619    0.0134959                  0.00227376
      1.06078    0.0123605                  0.00208522
      1.07556    0.0113084                  0.00191023
      1.09055    0.0103345                  0.00174799
      1.10576   0.00943400                  0.00159773
      1.12117   0.00860228                  0.00145873
      1.13680   0.00783494                  0.00133029
      1.15264   0.00712780                  0.00121173
      1.16871   0.00647687                  0.00110244
      1.18500   0.00587840                  0.00100180
      1.20152   0.00532879                 0.000909235
      1.21827   0.00482466                 0.000824207
      1.23525   0.00436282                 0.000746196
      1.25247   0.00394022                 0.000674712
      1.26993   0.00355403                 0.000609292
      1.28763   0.00320154                 0.000549498
      1.30558   0.00288024                 0.000494917
      1.32378   0.00258774                 0.000445161
      1.34223   0.00232182                 0.000399864
      1.36094   0.00208038                 0.000358681
      1.37991   0.00186146                 0.000321291
      1.39915   0.00166325                 0.000287392
      1.41865   0.00148402                 0.000256701
      1.43843   0.00132220                 0.000228954
      1.45848   0.00117630                 0.000203905
      1.47881   0.00104495                 0.000181326
      1.49942  0.000926863                 0.000161002
      1.52032  0.000820871                 0.000142738
      1.54152  0.000725876                 0.000126348
      1.56300  0.000640867                 0.000111664
      1.58479  0.000564915                 9.85283e-05
      1.60688  0.000497161                 8.67971e-05
      1.62928  0.000436819                 7.63370e-05
      1.65199  0.000383164                 6.70255e-05
      1.67502  0.000335535                 5.87505e-05
      1.69837  0.000293326                 5.14089e-05
      1.72204  0.000255984                 4.49066e-05
      1.74605  0.000223005                 3.91577e-05
      1.77039  0.000193929                 3.40838e-05
      1.79507  0.000168341                 2.96138e-05
      1.82009  0.000145862                 2.56828e-05
      1.84546  0.000126151                 2.22321e-05
      1.87118  0.000108899                 1.92088e-05
      1.89727  9.38269e-05                 1.65650e-05
      1.92371  8.06852e-05                 1.42573e-05
      1.95053  6.92485e-05                 1.22470e-05
      1.97772  5.93149e-05                 1.04993e-05
      2.00529  5.07041e-05                 8.98273e-06
      2.03324  4.32550e-05                 7.66954e-06
      2.06158  3.68240e-05                 6.53473e-06
      2.09032  3.12834e-05                 5.55612e-06
      2.11946  2.65199e-05                 4.71398e-06
      2.14900  2.24333e-05                 3.99085e-06
      2.17896  1.89350e-05                 3.37123e-06
      2.20933  1.59468e-05                 2.84149e-06
      2.24013  1.34000e-05                 2.38959e-06
      2.27135  1.12344e-05                 2.00497e-06
      2.30301  9.39692e-06                 1.67837e-06
      2.33512  7.84161e-06                 1.40166e-06
      2.36767  6.52818e-06                 1.16779e-06
      2.40067  5.42166e-06                 9.70598e-07
      2.43414  4.49171e-06                 8.04726e-07
      2.46807  3.71206e-06                 6.65547e-07
      2.50247  3.06004e-06                 5.49055e-07
      2.53735  2.51613e-06                 4.51798e-07
      2.57272  2.06356e-06                 3.70808e-07
      2.60858  1.68797e-06                 3.03538e-07
      2.64495  1.37708e-06                 2.47812e-07
      2.68182  1.12042e-06                 2.01772e-07
      2.71920  9.09120e-07                 1.63837e-07
      2.75710  7.35628e-07                 1.32666e-07
      2.79554  5.93576e-07                 1.07123e-07
      2.83450  4.77593e-07                 8.62523e-08
      2.87402  3.83167e-07                 6.92474e-08
      2.91408  3.06511e-07                 5.54324e-08
      2.95470  2.44465e-07                 4.42419e-08
      2.99588  1.94393e-07                 3.52043e-08
      3.03765  1.54106e-07                 2.79275e-08
      3.07999  1.21792e-07                 2.20863e-08
      3.12292  9.59519e-08                 1.74120e-08
      3.16645  7.53544e-08                 1.36834e-08
      3.21059  5.89880e-08                 1.07186e-08
      3.25535  4.60256e-08                 8.36867e-09
      3.30072  3.57928e-08                 6.51230e-09
      3.34673  2.77417e-08                 5.05068e-09
      3.39339  2.14285e-08                 3.90374e-09
      3.44069  1.64949e-08                 3.00681e-09
      3.48865  1.26528e-08                 2.30783e-09
      3.53728  9.67123e-09                 1.76502e-09
      3.58659  7.36568e-09                 1.34500e-09
      3.63658  5.58931e-09                 1.02115e-09
      3.68727  4.22568e-09                 7.72383e-10
      3.73867  3.18276e-09                 5.81992e-10
      3.79079  2.38814e-09                 4.36828e-10
      3.84363  1.78500e-09                 3.26570e-10
      3.89721  1.32898e-09                 2.43150e-10
      3.95153  9.85546e-10                 1.80281e-10
      4.00662  7.27926e-10                 1.33090e-10
      4.06247  5.35460e-10                 9.78102e-11
      4.11909  3.92257e-10                 7.15425e-11
      4.17651  2.86149e-10                 5.20661e-11
      4.23473  2.07859e-10                 3.76860e-11
      4.29376  1.50340e-10                 2.71138e-11
      4.35361  1.08263e-10                 1.93748e-11
      4.41430  7.76178e-11                 1.37345e-11
      4.47583  5.53977e-11                 9.64205e-12
      4.53822  3.93589e-11                 6.68609e-12
      4.60148  2.78348e-11                 4.56074e-12
      4.66563  1.95929e-11                 3.03969e-12
      4.73066  1.37261e-11                 1.95621e-12
      4.79661  9.56986e-12                 1.18810e-12
      4.86347  6.63961e-12                 6.46207e-13
      4.93126  4.58384e-12                 2.65766e-13
      5.00000  3.14874e-12                     0.00000
