 4.0000E-02  1.8965E+05  1.4806E+06
  1.0000E-01  1.1360E+05  1.0545E+06
  2.0000E-01  4.3645E+04  4.7076E+05
  3.0000E-01  1.9445E+04  1.6700E+05
  4.0000E-01  1.0245E+04  6.7264E+04
  5.0000E-01  5.9921E+03  2.9458E+04
  6.0000E-01  4.3536E+03  1.3682E+04
  7.0000E-01  3.2557E+03  8.9442E+03
  8.0000E-01  2.5647E+03  5.9938E+03
  1.0000E+00  1.7322E+03  3.3252E+03
  1.2500E+00  1.1626E+03  1.8950E+03
  1.5000E+00  7.8471E+02  1.2789E+03
  1.7500E+00  5.2316E+02  8.7009E+02
  2.0000E+00  3.4967E+02  5.7097E+02
  2.2500E+00  2.3767E+02  3.7541E+02
  2.5000E+00  1.6197E+02  2.7293E+02
  2.7500E+00  1.0121E+02  1.9591E+02
  3.0000E+00  6.4012E+01  1.2267E+02
  3.2500E+00  3.9873E+01  7.7930E+01
  3.5000E+00  2.5047E+01  5.0271E+01
  3.7500E+00  1.4737E+01  3.2657E+01
  4.0000E+00  8.7186E+00  1.9833E+01
  4.2500E+00  4.8201E+00  1.2095E+01
  4.5000E+00  2.6713E+00  6.7517E+00
  4.7500E+00  1.4442E+00  3.7848E+00
  5.0000E+00  7.7888E-01  2.1785E+00
  5.5000E+00  1.7244E-01  7.5695E-01
  6.0000E+00  2.1933E-02  1.7244E-01
  6.5000E+00  0.0000E+00  2.1933E-02
  7.0000E+00  0.0000E+00  0.0000E+00
