1.0000E-01  1.4089E+03  5.9818E+03
  1.5000E-01  1.1425E+03  4.6707E+03
  2.0000E-01  9.4179E+02  3.5024E+03
  3.0000E-01  6.9410E+02  2.0568E+03
  4.0000E-01  5.3044E+02  1.2971E+03
  5.0000E-01  4.3468E+02  8.3281E+02
  6.0000E-01  3.6388E+02  5.9291E+02
  7.0000E-01  3.1610E+02  4.3159E+02
  1.0000E+00  2.2823E+02  2.3107E+02
  1.5000E+00  1.6422E+02  1.0148E+02
  2.0000E+00  1.2675E+02  6.1380E+01
  3.0000E+00  9.2469E+01  2.7128E+01
  4.0000E+00  7.2495E+01  1.5207E+01
  5.0000E+00  6.2055E+01  8.8634E+00
  6.0000E+00  5.4768E+01  5.8197E+00
  7.0000E+00  5.0416E+01  3.9067E+00
  1.0000E+01  4.2708E+01  2.0021E+00
  1.5000E+01  3.7425E+01  8.3453E-01
  2.0000E+01  3.4363E+01  5.3273E-01
  3.0000E+01  3.0632E+01  3.3053E-01
  4.0000E+01  2.7752E+01  2.6875E-01
  5.0000E+01  2.5257E+01  2.5389E-01
  6.0000E+01  2.2674E+01  2.4988E-01
  7.0000E+01  2.0259E+01  2.3008E-01
  1.0000E+02  1.4385E+01  1.7052E-01
  1.5000E+02  7.9655E+00  9.8603E-02
  2.0000E+02  4.5250E+00  5.6042E-02
  3.0000E+02  1.4744E+00  2.0168E-02
  4.0000E+02  4.9137E-01  0.0000E+00
