0.037503
0.889014
0.725462
0.545507
0.156762
0.684614
0.461521
0.652773
0.749395
0.382877
0.234834
0.166757
0.051836
0.894557
0.249755
0.273213
0.737058
0.332682
0.943332
0.507785
0.248006
0.261331
0.556729
0.216102
0.531988
0.891264
0.093063
0.608962
0.055560
0.902819
0.695374
0.168844
0.410857
0.810360
0.229326
0.359046
0.925236
0.387123
0.554297
0.911014
0.131541
0.064563
0.337939
0.960299
0.684632
0.655847
0.672512
0.070786
0.218510
0.961370
0.324394
0.113342
0.806822
0.907934
0.878406
0.843060
0.699833
0.562761
0.202745
0.099442
0.947451
0.290948
0.793702
0.586298
0.386554
0.170248
0.262669
0.217189
0.326334
0.214798
0.167427
0.236868
0.113811
0.007522
0.392186
0.154596
0.973907
0.434214
0.263770
0.909998
0.341046
0.713671
0.359229
0.640397
0.800425
0.368768
0.477680
0.158035
0.381548
0.389181
0.908893
0.521254
0.846651
0.994381
0.632850
0.734099
0.651200
0.985473
0.875185
0.129826
