9987863
106
87
87
61
60
36
48
41
56
34
32
39
37
57
30
37
27
30
49
46
35
36
32
42
36
29
37
29
29
38
46
41
37
45
21
35
42
33
38
50
47
41
41
40
48
51
30
42
44
50
49
52
59
48
63
46
53
49
45
51
49
48
51
65
62
51
63
67
45
53
44
50
62
65
58
50
56
60
72
52
65
57
56
63
74
58
56
58
53
57
60
59
47
54
50
59
66
50
48
50
59
58
59
49
63
65
57
50
58
50
42
46
66
48
47
43
52
48
50
44
54
42
63
45
45
57
40
44
56
44
51
48
38
45
45
49
47
47
39
43
44
36
39
34
43
32
32
27
37
31
29
31
29
34
29
28
32
32
20
28
26
20
20
19
27
20
24
19
18
28
19
30
25
22
20
29
23
28
16
13
18
23
19
27
16
15
24
19
18
24
22
20
16
11
20
20
14
17
21
18
18
13
21
19
25
18
20
12
22
22
9
15
22
17
15
16
13
8
15
10
15
23
12
12
20
12
12
12
13
18
13
10
18
15
15
8
11
16
11
16
14
15
10
20
7
13
10
10
15
18
10
9
8
12
9
12
20
5
10
12
4
14
11
7
8
14
9
15
11
6
9
6
10
12
11
8
16
7
9
10
9
9
7
8
10
13
12
12
18
11
7
10
13
11
6
7
12
5
10
9
11
9
3
4
9
6
11
8
12
7
6
4
16
6
7
13
9
10
13
8
4
5
13
11
10
7
7
6
11
12
12
7
12
6
9
5
9
10
9
5
6
2
6
6
5
8
8
6
8
6
12
12
7
7
8
6
5
6
7
5
9
7
6
4
5
8
10
5
6
5
6
10
5
3
3
5
8
6
5
7
7
7
3
1
6
3
7
3
3
9
4
2
6
4
15
4
5
4
7
3
10
3
6
7
6
11
4
4
5
4
6
6
8
2
5
7
5
8
3
5
4
8
7
4
7
1
4
4
6
4
8
4
4
2
4
10
4
4
5
5
3
2
2
9
4
7
5
3
1
4
4
4
2
4
6
1
1
6
2
3
8
4
3
3
2
3
2
0
7
4
8
3
4
1
2
2
7
6
5
7
3
3
7
0
7
8
10
5
7
5
5
6
3
1
6
3
6
8
3
3
2
1
2
2
4
4
6
3
2
2
4
3
4
5
5
5
5
3
3
3
5
3
6
1
4
6
4
5
4
3
4
5
6
4
1
1
3
3
1
1
1
5
3
1
2
4
3
3
6
3
3
4
4
4
3
5
5
3
3
1
5
0
5
3
3
2
6
2
1
3
2
2
5
1
4
2
4
3
6
2
1
2
4
4
4
2
2
3
2
2
4
2
4
2
3
5
0
1
2
2
1
5
2
3
3
2
5
3
1
3
1
0
3
6
1
2
0
1
2
3
2
5
2
2
0
2
2
0
2
3
4
5
2
2
3
3
3
0
2
4
4
4
1
2
4
0
3
3
2
2
2
3
4
1
2
6
2
1
1
3
6
0
1
3
2
5
2
3
4
3
3
4
0
0
4
3
2
4
3
3
0
4
2
2
3
3
4
4
1
2
0
1
2
1
1
2
1
1
3
2
5
0
2
2
2
2
1
0
0
2
0
1
1
2
4
2
1
2
1
1
1
4
3
4
0
2
2
1
2
2
2
3
2
0
2
2
1
1
1
3
3
1
2
2
1
0
3
4
0
5
2
0
2
1
3
2
3
1
3
1
1
2
2
1
3
2
1
0
6
2
0
1
3
0
0
1
3
1
2
1
1
1
1
2
1
1
2
0
1
0
1
3
2
1
1
0
2
1
3
0
0
0
0
2
1
1
1
1
2
2
2
1
3
2
1
4
0
3
2
3
1
2
2
3
1
5
2
5
2
2
0
1
2
2
0
4
2
1
3
1
2
0
1
1
2
1
0
2
2
1
0
3
5
3
3
0
1
0
2
2
0
0
2
2
1
1
2
1
1
3
0
0
2
2
2
3
1
1
1
0
4
1
2
4
0
0
2
1
0
1
1
2
2
1
0
2
3
2
1
1
1
1
1
0
1
0
2
1
1
0
0
1
1
1
2
0
2
2
0
0
2
0
2
2
1
2
0
1
2
5
1
0
0
0
1
0
0
0
2
1
1
0
1
2
3
0
1
0
0
0
1
1
2
2
0
1
2
0
0
3
1
0
1
1
1
0
1
1
1
0
2
0
2
1
3
1
0
1
2
2
0
0
1
1
0
4
0
1
1
0
1
1
1
1
0
1
1
1
0
333
