<<<<<<< HEAD
96864
2
0
0
0
0
0
0
0
0
0
0
0
1
0
0
0
0
1
0
0
0
0
0
0
0
0
0
0
0
0
0
0
0
0
0
0
0
0
0
0
0
0
0
0
0
0
0
0
0
0
0
0
0
0
0
0
0
0
0
0
0
0
0
0
0
0
0
1
0
0
0
1
0
0
0
0
0
0
0
0
0
0
0
0
1
0
1
0
0
0
0
0
0
0
0
0
0
0
0
0
0
0
0
0
0
0
0
0
0
0
0
0
0
0
0
0
0
0
0
0
0
1
0
0
0
0
0
0
0
0
0
0
0
0
0
0
0
0
0
0
0
0
0
0
0
0
0
0
0
0
0
0
0
1
0
0
0
0
0
0
0
0
0
0
0
0
0
0
0
0
0
0
0
0
0
0
0
0
0
0
0
0
0
0
0
0
1
0
0
0
0
1
0
0
0
0
0
0
0
0
0
0
0
0
0
0
0
0
0
0
0
0
0
0
0
0
0
0
1
0
0
1
0
0
0
0
0
0
0
0
0
0
0
0
0
0
0
0
0
0
0
0
0
0
0
0
0
1
0
0
0
0
0
0
1
0
0
0
0
0
0
0
0
0
0
0
0
0
0
0
0
0
0
0
0
0
0
0
0
0
0
0
0
1
0
0
0
0
0
0
0
0
0
0
0
0
0
0
0
0
1
0
0
0
0
0
1
0
0
0
0
0
0
0
0
0
0
0
0
0
0
0
0
0
0
0
0
0
0
0
0
0
0
0
0
0
0
0
0
0
0
1
0
0
0
0
0
0
0
0
0
0
0
0
0
0
0
0
0
0
1
0
0
0
0
0
0
0
0
0
0
0
0
0
0
0
0
0
0
0
1
0
1
1
0
0
0
1
0
0
0
0
0
0
0
0
1
0
0
0
0
0
0
0
0
0
0
0
0
0
0
0
0
0
0
0
0
0
0
0
0
0
0
0
0
0
0
0
0
0
0
0
0
0
0
0
0
0
0
0
0
0
0
0
0
0
0
0
0
0
0
0
1
0
0
0
0
0
0
0
0
0
0
0
0
0
0
1
0
0
0
0
0
0
0
0
0
0
0
0
0
0
0
0
0
0
0
0
0
0
0
0
=======
97139
4
3
2
4
3
1
2
2
4
2
2
2
2
7
2
4
1
3
4
2
0
4
2
3
1
3
1
1
6
3
6
4
4
1
1
4
5
5
3
3
2
6
7
4
3
4
1
2
5
7
1
3
2
1
7
3
7
7
10
7
10
4
6
10
5
5
9
12
14
12
14
10
13
13
10
11
8
24
14
10
19
13
16
21
19
14
12
22
17
24
30
20
23
27
20
23
21
30
17
15
22
20
22
22
14
16
23
27
27
29
30
22
24
19
39
15
20
34
19
23
18
22
25
19
23
15
18
26
15
16
17
11
13
16
13
10
19
14
9
13
8
12
14
10
15
7
14
11
6
11
8
12
11
10
10
6
7
10
7
12
8
10
8
5
8
4
10
10
6
7
10
4
4
6
4
5
6
12
6
8
7
2
7
5
5
3
8
4
4
9
4
6
4
4
7
3
3
1
3
5
3
7
5
3
2
10
8
9
2
6
6
4
7
6
3
3
3
3
1
4
5
5
3
5
1
2
3
6
5
4
3
5
6
5
7
2
5
6
0
4
5
6
3
4
2
6
5
3
3
5
3
5
1
4
4
1
7
5
2
5
4
0
7
4
3
2
0
6
4
3
4
1
2
1
3
8
2
4
7
2
3
4
3
5
5
5
3
2
5
3
2
2
1
3
1
0
3
7
3
4
4
3
1
4
1
4
1
4
1
3
2
4
2
2
4
1
2
2
5
3
2
3
5
2
2
3
0
2
5
2
2
2
3
3
3
1
3
3
1
2
0
2
2
2
3
0
2
3
1
3
5
5
4
0
1
1
5
2
0
1
1
1
1
2
2
3
3
1
2
1
1
0
2
1
0
1
0
0
1
1
3
0
2
1
1
0
2
1
2
1
1
1
2
2
0
1
2
0
1
2
3
1
2
0
1
0
1
3
0
0
2
1
4
0
0
1
2
1
2
0
2
1
1
3
0
0
1
0
0
2
0
3
1
1
2
0
0
0
1
0
1
2
1
1
2
2
1
0
1
>>>>>>> a4d98c3a3bd35c4d9268504105ef544c8b30bb14
0
0
0
0
0
0
1
0
<<<<<<< HEAD
0
0
0
=======
2
1
>>>>>>> a4d98c3a3bd35c4d9268504105ef544c8b30bb14
0
0
1
0
<<<<<<< HEAD
0
0
=======
3
2
0
2
0
1
1
3
2
>>>>>>> a4d98c3a3bd35c4d9268504105ef544c8b30bb14
0
0
1
1
<<<<<<< HEAD
0
0
0
0
=======
2
1
0
0
1
0
1
1
>>>>>>> a4d98c3a3bd35c4d9268504105ef544c8b30bb14
0
0
0
1
0
<<<<<<< HEAD
2
0
2
0
0
0
0
0
0
0
1
0
0
1
=======
0
0
1
1
0
0
1
0
0
0
0
>>>>>>> a4d98c3a3bd35c4d9268504105ef544c8b30bb14
0
0
0
0
0
<<<<<<< HEAD
=======
2
>>>>>>> a4d98c3a3bd35c4d9268504105ef544c8b30bb14
0
0
0
0
0
0
0
0
1
<<<<<<< HEAD
=======
2
>>>>>>> a4d98c3a3bd35c4d9268504105ef544c8b30bb14
0
0
0
0
<<<<<<< HEAD
0
0
=======
2
3
1
0
0
2
>>>>>>> a4d98c3a3bd35c4d9268504105ef544c8b30bb14
0
0
0
0
0
<<<<<<< HEAD
0
0
1
=======
1
0
1
1
>>>>>>> a4d98c3a3bd35c4d9268504105ef544c8b30bb14
0
0
0
0
0
0
<<<<<<< HEAD
0
0
=======
1
2
0
0
1
>>>>>>> a4d98c3a3bd35c4d9268504105ef544c8b30bb14
0
0
0
0
0
0
1
0
0
0
0
0
0
0
0
0
<<<<<<< HEAD
=======
1
>>>>>>> a4d98c3a3bd35c4d9268504105ef544c8b30bb14
0
0
0
0
0
0
0
0
<<<<<<< HEAD
0
=======
2
0
2
2
>>>>>>> a4d98c3a3bd35c4d9268504105ef544c8b30bb14
0
0
0
0
<<<<<<< HEAD
=======
2
>>>>>>> a4d98c3a3bd35c4d9268504105ef544c8b30bb14
0
0
0
0
0
<<<<<<< HEAD
0
0
=======
1
1
0
1
0
1
>>>>>>> a4d98c3a3bd35c4d9268504105ef544c8b30bb14
0
0
0
0
0
<<<<<<< HEAD
0
0
0
0
0
=======
1
1
0
0
1
0
0
0
2
>>>>>>> a4d98c3a3bd35c4d9268504105ef544c8b30bb14
1
0
0
0
0
0
<<<<<<< HEAD
0
=======
1
0
1
>>>>>>> a4d98c3a3bd35c4d9268504105ef544c8b30bb14
0
0
0
0
0
0
0
0
0
0
<<<<<<< HEAD
=======
1
2
>>>>>>> a4d98c3a3bd35c4d9268504105ef544c8b30bb14
0
0
0
0
0
0
<<<<<<< HEAD
=======
1
>>>>>>> a4d98c3a3bd35c4d9268504105ef544c8b30bb14
0
0
0
0
0
0
<<<<<<< HEAD
=======
1
>>>>>>> a4d98c3a3bd35c4d9268504105ef544c8b30bb14
0
0
0
0
<<<<<<< HEAD
0
0
0
=======
1
0
0
0
1
1
>>>>>>> a4d98c3a3bd35c4d9268504105ef544c8b30bb14
0
0
0
0
<<<<<<< HEAD
0
0
0
0
=======
1
0
0
0
1
>>>>>>> a4d98c3a3bd35c4d9268504105ef544c8b30bb14
0
0
0
0
0
0
0
0
0
0
0
0
0
0
0
0
0
1
0
0
0
0
0
0
<<<<<<< HEAD
1
0
0
0
0
0
0
0
=======
0
0
1
0
0
1
1
0
1
1
>>>>>>> a4d98c3a3bd35c4d9268504105ef544c8b30bb14
0
0
0
0
0
1
0
0
0
0
0
<<<<<<< HEAD
=======
1
>>>>>>> a4d98c3a3bd35c4d9268504105ef544c8b30bb14
0
0
0
0
0
<<<<<<< HEAD
0
0
1
0
0
0
=======
1
0
1
1
0
0
0
2
>>>>>>> a4d98c3a3bd35c4d9268504105ef544c8b30bb14
0
0
0
0
0
0
0
0
0
0
0
0
0
<<<<<<< HEAD
=======
1
>>>>>>> a4d98c3a3bd35c4d9268504105ef544c8b30bb14
0
0
0
0
0
0
0
0
0
0
0
<<<<<<< HEAD
=======
1
>>>>>>> a4d98c3a3bd35c4d9268504105ef544c8b30bb14
0
0
0
0
0
0
0
0
0
0
0
0
0
0
0
0
0
1
0
0
<<<<<<< HEAD
0
0
0
0
0
0
=======
2
1
1
>>>>>>> a4d98c3a3bd35c4d9268504105ef544c8b30bb14
0
0
0
0
0
0
0
0
0
0
0
0
0
0
0
0
0
0
0
0
0
0
0
1
0
0
<<<<<<< HEAD
0
0
0
0
0
=======
1
0
0
0
1
1
>>>>>>> a4d98c3a3bd35c4d9268504105ef544c8b30bb14
0
0
0
0
0
0
0
0
0
0
0
0
0
0
0
1
0
0
0
0
0
0
<<<<<<< HEAD
1
0
0
0
=======
>>>>>>> a4d98c3a3bd35c4d9268504105ef544c8b30bb14
0
0
0
0
<<<<<<< HEAD
=======
2
>>>>>>> a4d98c3a3bd35c4d9268504105ef544c8b30bb14
0
1
0
0
0
0
0
0
<<<<<<< HEAD
=======
1
1
>>>>>>> a4d98c3a3bd35c4d9268504105ef544c8b30bb14
0
0
0
0
0
0
0
1
<<<<<<< HEAD
0
=======
1
0
1
>>>>>>> a4d98c3a3bd35c4d9268504105ef544c8b30bb14
0
0
0
0
0
0
0
<<<<<<< HEAD
0
0
0
0
0
0
0
0
0
0
0
=======
1
0
0
0
1
0
0
0
1
1
0
0
1
0
0
0
2
>>>>>>> a4d98c3a3bd35c4d9268504105ef544c8b30bb14
0
0
0
0
0
0
0
0
0
0
0
<<<<<<< HEAD
1
0
=======
>>>>>>> a4d98c3a3bd35c4d9268504105ef544c8b30bb14
0
0
0
0
0
0
0
0
0
0
<<<<<<< HEAD
=======
1
>>>>>>> a4d98c3a3bd35c4d9268504105ef544c8b30bb14
0
0
0
0
0
0
<<<<<<< HEAD
0
0
0
0
=======
1
0
0
1
0
0
1
1
>>>>>>> a4d98c3a3bd35c4d9268504105ef544c8b30bb14
0
0
0
0
0
0
0
0
0
0
0
<<<<<<< HEAD
=======
1
>>>>>>> a4d98c3a3bd35c4d9268504105ef544c8b30bb14
0
0
0
0
0
0
0
0
0
0
0
0
<<<<<<< HEAD
=======
1
>>>>>>> a4d98c3a3bd35c4d9268504105ef544c8b30bb14
0
0
0
0
0
0
0
0
0
0
0
0
0
0
0
0
0
1
0
0
0
<<<<<<< HEAD
0
=======
>>>>>>> a4d98c3a3bd35c4d9268504105ef544c8b30bb14
1
0
0
0
<<<<<<< HEAD
=======
1
>>>>>>> a4d98c3a3bd35c4d9268504105ef544c8b30bb14
0
0
0
0
0
0
0
0
0
0
0
0
0
0
0
0
0
0
0
0
0
<<<<<<< HEAD
0
0
0
0
0
0
0
0
0
0
0
0
0
3
0
=======
1
>>>>>>> a4d98c3a3bd35c4d9268504105ef544c8b30bb14
0
0
0
0
0
0
0
0
0
0
0
0
0
0
0
0
0
0
0
<<<<<<< HEAD
3077
=======
37
>>>>>>> a4d98c3a3bd35c4d9268504105ef544c8b30bb14
