10
10.0925
10.1859
10.2802
10.3753
10.4713
10.5682
10.666
10.7647
10.8643
10.9648
11.0662
11.1686
11.272
11.3763
11.4815
11.5878
11.695
11.8032
11.9124
12.0226
12.1339
12.2462
12.3595
12.4738
12.5893
12.7057
12.8233
12.942
13.0617
13.1826
13.3045
13.4277
13.5519
13.6773
13.8038
13.9316
14.0605
14.1906
14.3219
14.4544
14.5881
14.7231
14.8594
14.9968
15.1356
15.2757
15.417
15.5597
15.7036
15.8489
15.9956
16.1436
16.293
16.4437
16.5959
16.7494
16.9044
17.0608
17.2187
17.378
17.5388
17.7011
17.8649
18.0302
18.197
18.3654
18.5353
18.7068
18.8799
19.0546
19.2309
19.4089
19.5884
19.7697
19.9526
20.1372
20.3236
20.5116
20.7014
20.893
21.0863
21.2814
21.4783
21.677
21.8776
22.08
22.2844
22.4905
22.6986
22.9087
23.1206
23.3346
23.5505
23.7684
23.9883
24.2103
24.4343
24.6604
24.8886
25.1189
25.3513
25.5859
25.8226
26.0615
26.3027
26.5461
26.7917
27.0396
27.2898
27.5423
27.7971
28.0543
28.3139
28.5759
28.8403
29.1072
29.3765
29.6483
29.9227
30.1995
30.4789
30.761
31.0456
31.3329
31.6228
31.9154
32.2107
32.5087
32.8095
33.1131
33.4195
33.7287
34.0408
34.3558
34.6737
34.9945
35.3183
35.6451
35.9749
36.3078
36.6438
36.9828
37.325
37.6704
38.0189
38.3707
38.7258
39.0841
39.4457
39.8107
40.1791
40.5509
40.9261
41.3047
41.6869
42.0727
42.462
42.8549
43.2514
43.6516
44.0555
44.4631
44.8745
45.2898
45.7088
46.1318
46.5586
46.9894
47.4242
47.863
48.3059
48.7528
49.2039
49.6592
50.1187
50.5825
51.0505
51.5229
51.9996
52.4808
52.9663
53.4564
53.9511
54.4503
54.9541
55.4626
55.9758
56.4937
57.0164
57.544
58.0764
58.6138
59.1562
59.7035
60.256
60.8135
61.3762
61.9441
62.5173
63.0957
63.6796
64.2688
64.8634
65.4636
66.0693
66.6807
67.2977
67.9204
68.5488
69.1831
69.8232
70.4693
71.1214
71.7794
72.4436
73.1139
73.7904
74.4732
75.1623
75.8578
76.5597
77.2681
77.983
78.7046
79.4328
80.1678
80.9096
81.6582
82.4138
83.1764
83.946
84.7227
85.5067
86.2979
87.0964
87.9023
88.7156
89.5365
90.3649
91.2011
92.045
92.8966
93.7562
94.6237
95.4993
96.3829
97.2747
98.1748
99.0832
100
100.925
101.859
102.802
103.753
104.713
105.682
106.66
107.647
108.643
109.648
110.662
111.686
112.72
113.763
114.815
115.878
116.95
118.032
119.124
120.226
121.339
122.462
123.595
124.738
125.893
127.057
128.233
129.42
130.617
131.826
133.045
134.277
135.519
136.773
138.038
139.316
140.605
141.906
143.219
144.544
145.881
147.231
148.594
149.969
151.356
152.757
154.17
155.597
157.036
158.489
159.956
161.436
162.93
164.437
165.959
167.494
169.044
170.608
172.187
173.78
175.388
177.011
178.649
180.302
181.97
183.654
185.353
187.068
188.799
190.546
192.309
194.089
195.884
197.697
199.526
201.372
203.236
205.116
207.014
208.93
210.863
212.814
214.783
216.77
218.776
220.8
222.844
224.905
226.986
229.087
231.206
233.346
235.505
237.684
239.883
242.103
244.343
246.604
248.886
251.189
253.513
255.859
258.226
260.615
263.027
265.461
267.917
270.396
272.898
275.423
277.971
280.543
283.139
285.759
288.403
291.072
293.765
296.483
299.226
301.995
304.789
307.61
310.456
313.329
316.228
319.154
322.107
325.087
328.095
331.131
334.195
337.287
340.408
343.558
346.737
349.945
353.183
356.451
359.749
363.078
366.438
369.828
373.25
376.704
380.189
383.707
387.258
390.841
394.457
398.107
401.791
405.509
409.261
413.048
416.869
420.727
424.62
428.548
432.514
436.516
440.555
444.631
448.745
452.898
457.088
461.318
465.586
469.894
474.242
478.63
483.059
487.528
492.039
496.592
501.187
505.825
510.505
515.229
519.996
524.807
529.663
534.565
539.51
544.503
549.541
554.626
559.758
564.937
570.164
575.44
580.764
586.138
591.561
597.035
602.56
608.135
613.762
619.441
625.173
630.957
636.795
642.688
648.634
654.636
660.694
666.807
672.977
679.204
685.488
691.831
698.232
704.693
711.214
717.794
724.436
731.139
737.904
744.732
751.623
758.578
765.596
772.681
779.83
787.046
794.328
801.678
809.096
816.582
824.138
831.764
839.46
847.227
855.067
862.978
870.964
879.023
887.156
895.365
903.649
912.011
920.45
928.966
937.562
946.237
954.993
963.829
972.747
981.748
990.832
1000
1009.25
1018.59
1028.02
1037.53
1047.13
1056.82
1066.6
1076.47
1086.43
1096.48
1106.62
1116.86
1127.2
1137.63
1148.15
1158.78
1169.5
1180.32
1191.24
1202.26
1213.39
1224.62
1235.95
1247.38
1258.93
1270.57
1282.33
1294.2
1306.17
1318.26
1330.45
1342.77
1355.19
1367.73
1380.38
1393.16
1406.05
1419.06
1432.19
1445.44
1458.81
1472.31
1485.94
1499.69
1513.56
1527.57
1541.7
1555.97
1570.36
1584.89
1599.56
1614.36
1629.3
1644.37
1659.59
1674.94
1690.44
1706.08
1721.87
1737.8
1753.88
1770.11
1786.49
1803.02
1819.7
1836.54
1853.53
1870.68
1887.99
1905.46
1923.09
1940.89
1958.84
1976.97
1995.26
2013.72
2032.36
2051.16
2070.14
2089.3
2108.63
2128.14
2147.83
2167.7
2187.76
2208.01
2228.44
2249.05
2269.86
2290.87
2312.07
2333.46
2355.05
2376.84
2398.83
2421.03
2443.43
2466.04
2488.86
2511.89
2535.13
2558.59
2582.26
2606.15
2630.27
2654.61
2679.17
2703.96
2728.98
2754.23
2779.71
2805.43
2831.39
2857.59
2884.03
2910.72
2937.65
2964.83
2992.27
3019.95
3047.89
3076.1
3104.56
3133.29
3162.28
3191.54
3221.07
3250.87
3280.95
3311.31
3341.95
3372.87
3404.08
3435.58
3467.37
3499.45
3531.83
3564.51
3597.49
3630.78
3664.37
3698.28
3732.5
3767.04
3801.89
3837.07
3872.58
3908.41
3944.57
3981.07
4017.91
4055.09
4092.61
4130.47
4168.69
4207.27
4246.2
4285.48
4325.14
4365.16
4405.55
4446.31
4487.45
4528.97
4570.88
4613.18
4655.86
4698.94
4742.42
4786.3
4830.59
4875.28
4920.39
4965.92
5011.87
5058.25
5105.05
5152.29
5199.96
5248.07
5296.63
5345.64
5395.11
5445.03
5495.41
5546.26
5597.57
5649.37
5701.64
5754.4
5807.64
5861.38
5915.62
5970.35
6025.6
6081.35
6137.62
6194.41
6251.73
6309.57
6367.95
6426.88
6486.34
6546.36
6606.93
6668.07
6729.77
6792.04
6854.88
6918.31
6982.33
7046.93
7112.14
7177.94
7244.36
7311.39
7379.04
7447.32
7516.23
7585.78
7655.97
7726.81
7798.3
7870.46
7943.28
8016.78
8090.96
8165.82
8241.38
8317.64
8394.6
8472.27
8550.67
8629.79
8709.64
8790.23
8871.56
8953.65
9036.5
9120.11
9204.5
9289.66
9375.62
9462.37
9549.93
9638.29
9727.47
9817.48
9908.32
10000
10092.5
10185.9
10280.2
10375.3
10471.3
10568.2
10666
10764.7
10864.3
10964.8
11066.2
11168.6
11272
11376.3
11481.5
11587.8
11695
11803.2
11912.4
12022.6
12133.9
12246.2
12359.5
12473.8
12589.3
12705.7
12823.3
12942
13061.7
13182.6
13304.5
13427.7
13551.9
13677.3
13803.9
13931.6
14060.5
14190.6
14321.9
14454.4
14588.1
14723.1
14859.4
14996.9
15135.6
15275.7
15417
15559.7
15703.6
15848.9
15995.6
16143.6
16293
16443.7
16595.9
16749.4
16904.4
17060.8
17218.7
17378
17538.8
17701.1
17864.9
18030.2
18197
18365.4
18535.3
18706.8
18879.9
19054.6
19230.9
19408.9
19588.4
19769.7
19952.6
20137.2
20323.6
20511.6
20701.4
20892.9
21086.3
21281.4
21478.3
21677
21877.6
22080
22284.4
22490.6
22698.6
22908.7
23120.7
23334.6
23550.5
23768.4
23988.3
24210.3
24434.3
24660.4
24888.6
25118.9
25351.3
25585.9
25822.6
26061.5
26302.7
26546
26791.7
27039.6
27289.8
27542.3
27797.1
28054.3
28313.9
28575.9
28840.3
29107.2
29376.5
29648.3
29922.6
30199.5
30479
30761
31045.6
31332.9
31622.8
31915.4
32210.7
32508.7
32809.5
33113.1
33419.5
33728.7
34040.8
34355.8
34673.7
34994.5
35318.3
35645.1
35974.9
36307.8
36643.8
36982.8
37325
37670.4
38018.9
38370.7
38725.8
39084.1
39445.7
39810.7
40179.1
40550.8
40926.1
41304.8
41686.9
42072.7
42462
42854.8
43251.4
43651.6
44055.5
44463.1
44874.5
45289.8
45708.8
46131.8
46558.6
46989.4
47424.2
47863
48305.9
48752.8
49203.9
49659.2
50118.7
50582.5
51050.5
51522.9
51999.6
52480.8
52966.3
53456.4
53951.1
54450.3
54954.1
55462.6
55975.8
56493.7
57016.4
57544
58076.4
58613.8
59156.2
59703.5
60255.9
60813.5
61376.2
61944.1
62517.3
63095.8
63679.5
64268.8
64863.5
65463.6
66069.3
66680.7
67297.7
67920.3
68548.8
69183.1
69823.2
70469.3
71121.4
71779.4
72443.5
73114
73790.4
74473.2
75162.3
75857.8
76559.6
77268.1
77983
78704.6
79432.8
80167.9
80909.6
81658.2
82413.8
83176.4
83946
84722.7
85506.7
86297.8
87096.4
87902.3
88715.6
89536.4
90365
91201.1
92044.9
92896.6
93756.2
94623.7
95499.3
96382.9
97274.7
98174.8
99083.3
100000
