996648
0
0
0
1
0
0
0
0
0
0
0
2
0
0
1
0
0
0
1
0
0
0
0
0
2
0
0
0
0
0
0
0
0
0
1
0
0
0
1
0
0
0
0
0
0
0
0
0
0
0
0
0
0
1
0
1
0
0
0
0
0
0
0
0
1
0
0
0
0
0
0
0
0
0
0
0
1
0
0
0
0
0
0
0
0
0
0
0
1
0
0
0
0
0
0
0
1
0
0
0
0
0
1
1
0
0
1
0
1
0
0
0
0
0
0
0
0
1
0
1
0
1
0
0
1
1
0
2
0
0
0
1
0
0
1
0
1
0
0
0
0
0
0
0
0
0
0
0
1
1
1
0
0
0
0
0
0
0
1
0
0
1
0
0
0
0
0
0
0
0
0
0
0
0
0
0
0
0
0
0
0
0
0
1
0
0
0
0
0
0
0
0
1
0
1
0
0
1
0
0
0
0
0
0
0
0
0
0
0
0
1
0
0
0
0
1
0
0
0
0
3
0
0
0
0
2
0
0
0
0
0
0
0
0
0
1
0
0
3
0
0
1
0
0
0
0
0
0
0
0
1
0
0
0
0
0
0
0
2
0
0
0
0
3
0
0
0
0
0
0
0
0
2
0
0
2
0
0
0
0
1
0
0
0
0
0
0
0
0
1
0
2
0
0
0
0
0
0
0
0
1
0
0
2
0
1
0
0
0
0
0
0
0
0
0
1
1
0
0
0
1
1
0
0
0
1
0
0
1
1
0
0
0
1
0
1
0
0
0
1
0
1
0
0
2
0
0
2
1
1
2
3
3
1
1
2
0
0
0
1
1
1
0
0
2
0
1
4
3
2
1
0
1
0
2
5
3
1
2
3
4
0
1
3
1
1
9
2
0
3
3
0
2
5
4
1
2
4
1
3
2
6
3
2
6
3
3
3
4
4
3
5
5
0
5
4
5
3
2
2
3
3
4
5
3
4
5
2
2
3
3
4
2
5
4
3
8
5
7
6
7
3
4
7
4
6
5
5
6
3
7
7
8
12
9
9
7
16
9
6
15
17
18
15
9
13
17
16
21
18
22
29
26
35
26
27
34
39
31
38
30
39
41
44
40
48
42
36
46
39
41
53
48
51
56
47
56
44
62
44
49
69
60
55
51
47
41
40
52
47
48
45
35
45
42
38
34
27
36
21
26
34
27
24
24
22
18
31
20
17
21
17
13
10
12
10
13
13
5
10
9
15
12
5
8
7
3
2
3
3
3
5
2
8
2
3
4
3
2
2
4
0
4
0
4
5
2
4
3
4
3
2
0
5
2
3
2
2
1
2
0
3
1
1
5
1
2
3
2
1
0
1
2
2
1
0
3
1
4
3
4
3
1
0
2
2
2
1
1
2
1
3
0
2
0
2
1
1
2
0
0
1
2
3
1
0
1
0
3
0
0
0
0
3
1
0
1
3
1
0
0
0
0
0
1
0
0
0
0
0
0
0
1
0
1
0
0
0
0
0
0
0
0
0
0
0
1
0
1
0
0
0
0
0
0
0
0
1
0
1
1
0
0
0
0
0
0
0
0
0
0
0
0
1
0
0
0
0
1
0
0
0
0
0
0
0
0
0
0
0
0
0
0
0
0
0
0
0
0
0
0
0
0
0
0
0
0
1
0
0
0
0
0
0
0
0
0
1
0
1
0
0
0
0
0
0
0
0
0
0
0
0
0
0
0
0
0
0
0
0
0
0
0
0
0
0
0
0
0
0
1
0
0
0
0
0
0
1
0
1
0
0
0
0
1
1
0
0
0
0
0
0
0
1
0
0
0
0
0
0
0
0
0
0
0
0
0
0
0
0
0
0
0
0
0
0
0
0
0
0
0
0
0
1
0
0
0
0
0
0
0
0
0
0
0
0
0
0
0
0
0
0
0
0
0
0
0
0
0
0
0
0
0
0
0
0
0
0
0
0
0
0
0
0
0
0
0
0
0
0
0
1
0
0
0
0
0
0
0
0
0
0
0
0
0
0
0
0
0
0
0
0
0
0
0
0
0
0
0
0
0
0
0
0
0
0
0
0
0
0
0
0
0
0
0
0
0
0
0
0
0
0
0
0
0
0
0
0
0
0
0
0
0
0
0
0
0
0
0
0
0
0
0
0
0
0
0
0
0
0
0
0
0
0
0
0
0
0
0
0
0
0
0
0
0
0
0
0
0
0
0
0
0
0
0
0
0
0
0
0
0
0
0
0
0
0
0
0
0
0
0
0
0
0
0
0
0
0
0
