9994097
5
3
2
4
14
2
8
4
10
5
9
6
8
9
3
10
8
3
8
6
7
5
13
8
7
7
5
7
6
9
11
12
4
11
6
9
4
5
9
11
8
13
0
13
10
4
3
5
8
8
12
5
9
8
9
11
9
10
6
14
12
2
12
21
8
10
10
10
16
15
13
18
14
22
7
21
23
26
20
21
32
16
33
17
21
26
23
23
23
13
37
21
23
20
35
41
26
38
27
21
25
27
31
42
44
46
42
42
29
35
48
49
50
54
30
46
46
40
43
54
58
53
33
43
52
54
55
56
50
53
63
64
66
46
56
61
51
64
37
57
61
48
37
46
50
68
53
55
56
61
49
48
53
61
70
43
43
38
44
42
53
46
49
34
53
43
34
32
47
20
36
38
31
27
27
28
19
14
30
16
38
21
14
22
23
15
28
10
17
15
15
12
13
9
5
6
18
6
11
9
5
12
6
5
10
2
9
1
1
6
3
5
4
12
4
4
6
7
2
3
3
6
3
4
10
4
6
6
5
2
6
1
14
11
4
6
2
3
4
10
4
7
2
5
6
6
1
4
5
6
4
15
3
6
7
2
14
6
7
2
3
3
7
5
2
2
4
4
2
6
4
7
8
5
2
4
3
1
3
7
5
2
3
6
10
5
3
7
5
6
7
3
5
4
5
2
2
1
3
4
6
4
0
3
1
3
2
1
2
2
7
7
1
0
1
5
3
4
5
1
0
2
3
3
1
0
0
3
2
6
3
1
2
2
3
4
4
0
2
0
0
0
0
1
0
0
3
8
4
1
2
2
0
0
0
1
1
1
3
0
0
2
5
0
0
0
0
2
0
0
0
0
0
2
1
4
2
4
5
0
0
0
0
0
1
0
0
0
1
5
0
0
0
0
0
3
0
0
0
0
0
1
0
0
3
0
1
0
0
0
0
1
2
0
1
1
1
3
4
0
2
2
0
1
0
0
0
0
0
0
0
0
0
0
0
0
1
1
2
0
0
0
0
1
0
1
0
2
0
0
0
2
0
1
0
0
0
1
0
0
1
2
0
0
2
1
1
0
1
0
0
0
0
1
0
0
0
1
0
0
0
2
0
0
2
2
0
2
0
0
0
0
5
2
0
0
2
0
0
0
0
0
0
0
0
0
0
0
2
1
0
0
1
0
0
0
0
0
0
0
0
0
3
0
0
0
0
0
0
0
0
0
0
0
0
0
0
0
0
1
0
0
0
0
0
0
0
0
0
0
0
0
0
0
0
0
0
0
0
0
0
0
0
0
0
0
0
0
0
0
0
0
0
0
0
0
0
0
0
0
0
0
0
0
0
0
0
0
0
0
0
0
0
0
0
0
0
0
0
0
0
0
0
1
0
0
0
0
0
0
0
0
0
0
0
0
0
0
0
0
0
0
0
0
0
0
0
0
0
0
0
0
0
0
0
0
0
0
0
0
0
0
0
0
0
0
0
0
0
0
0
0
0
0
0
0
0
0
0
0
0
0
0
0
0
0
0
0
0
0
0
0
0
0
0
0
0
0
0
0
0
0
0
0
0
0
0
0
0
0
0
0
0
0
0
0
0
0
0
0
0
0
0
0
0
0
0
0
0
0
0
0
0
0
0
0
0
0
0
0
0
0
0
0
0
0
0
0
0
0
0
0
0
0
0
0
0
0
0
0
0
0
0
0
0
0
0
0
0
0
0
0
0
0
0
0
0
0
0
0
0
0
0
0
0
0
0
0
0
0
0
0
0
0
0
0
0
0
0
0
0
0
0
0
0
0
0
0
0
0
0
0
0
0
0
0
0
0
0
0
0
0
0
0
0
0
0
0
0
0
0
0
0
0
0
0
0
0
0
0
0
0
0
0
0
0
0
0
0
0
0
0
0
0
0
0
0
0
0
0
0
0
0
0
0
0
0
0
0
0
0
0
0
0
0
0
0
0
0
0
0
0
0
0
0
0
0
0
0
0
0
0
0
0
0
0
0
0
0
0
0
0
0
0
0
0
0
0
0
0
0
0
0
0
0
0
0
0
0
0
0
0
0
0
0
0
0
0
0
0
0
0
0
0
0
0
0
0
0
0
0
0
0
0
0
0
0
0
0
0
0
0
0
0
0
0
0
0
0
0
0
0
0
0
0
0
0
0
0
0
0
0
0
0
0
0
0
0
0
0
0
0
0
0
0
0
0
0
0
0
0
0
0
0
0
0
0
0
0
0
0
0
0
0
0
0
0
0
0
0
0
0
0
0
0
0
0
0
0
